21.996
21.996
21.997
21.998
21.999
21.999
22
22
22
22
22
22
22
22
22
22
22
22
22
22
22
22
22
22
22
22
22
22
22
22
22
22
22
22
22
21.879
21.879
21.907
21.939
21.956
21.963
21.977
22.028
22.22
22.68
23.515
23.515
23.515
23.515
23.515
23.515
23.515
23.515
23.515
23.515
23.515
23.515
23.515
23.515
23.515
23.515
23.515
23.515
23.515
23.515
23.515
23.515
23.515
23.515
23.515
22.179
22.179
22.189
22.245
22.327
22.401
22.513
22.762
23.39
24.19
24.748
24.748
24.748
24.748
24.748
24.748
24.748
24.748
24.748
24.748
24.748
24.748
24.748
24.748
24.748
24.748
24.748
24.748
24.748
24.748
24.748
24.748
24.748
24.748
24.748
22.846
22.846
22.879
22.941
23.021
23.095
23.176
23.353
23.905
24.534
25.122
25.122
25.122
25.122
25.122
25.122
25.122
25.122
25.122
25.122
25.122
25.122
25.122
25.122
25.122
25.122
25.122
25.122
25.122
25.122
25.122
25.122
25.122
25.122
25.122
22.256
22.256
22.543
22.778
23.06
23.333
23.56
23.726
23.818
23.862
23.888
23.888
23.888
23.888
23.888
23.888
23.888
23.888
23.888
23.888
23.888
23.888
23.888
23.888
23.888
23.888
23.888
23.888
23.888
23.888
23.888
23.888
23.888
23.888
23.888
21.917
21.917
22.203
22.57
22.892
23.138
23.278
23.355
23.411
23.444
23.463
23.463
23.463
23.463
23.463
23.463
23.463
23.463
23.463
23.463
23.463
23.463
23.463
23.463
23.463
23.463
23.463
23.463
23.463
23.463
23.463
23.463
23.463
23.463
23.463
21.738
21.738
22.146
22.641
22.896
23.008
23.081
23.123
23.141
23.15
23.151
23.151
23.151
23.151
23.151
23.151
23.151
23.151
23.151
23.151
23.151
23.151
23.151
23.151
23.151
23.151
23.151
23.151
23.151
23.151
23.151
23.151
23.151
23.151
23.151
22.864
22.864
22.993
23.065
23.08
23.087
23.094
23.102
23.116
23.136
23.173
23.173
23.173
23.173
23.173
23.173
23.173
23.173
23.173
23.173
23.173
23.173
23.173
23.173
23.173
23.173
23.173
23.173
23.173
23.173
23.173
23.173
23.173
23.173
23.173
22.216
22.216
22.557
22.946
23.162
23.244
23.3
23.365
23.499
23.733
24.001
24.001
24.001
24.001
24.001
24.001
24.001
24.001
24.001
24.001
24.001
24.001
24.001
24.001
24.001
24.001
24.001
24.001
24.001
24.001
24.001
24.001
24.001
24.001
24.001
22.001
22.001
22.421
22.846
23.156
23.302
23.364
23.41
23.458
23.522
23.594
23.594
23.594
23.594
23.594
23.594
23.594
23.594
23.594
23.594
23.594
23.594
23.594
23.594
23.594
23.594
23.594
23.594
23.594
23.594
23.594
23.594
23.594
23.594
23.594
23.308
23.308
23.312
23.323
23.345
23.391
23.473
23.608
23.809
24.055
24.178
24.178
24.178
24.178
24.178
24.178
24.178
24.178
24.178
24.178
24.178
24.178
24.178
24.178
24.178
24.178
24.178
24.178
24.178
24.178
24.178
24.178
24.178
24.178
24.178
23.337
23.337
23.344
23.362
23.393
23.429
23.457
23.481
23.502
23.521
23.537
23.537
23.537
23.537
23.537
23.537
23.537
23.537
23.537
23.537
23.537
23.537
23.537
23.537
23.537
23.537
23.537
23.537
23.537
23.537
23.537
23.537
23.537
23.537
23.537
23.428
23.428
23.429
23.432
23.435
23.438
23.444
23.452
23.464
23.481
23.509
23.509
23.509
23.509
23.509
23.509
23.509
23.509
23.509
23.509
23.509
23.509
23.509
23.509
23.509
23.509
23.509
23.509
23.509
23.509
23.509
23.509
23.509
23.509
23.509
23.44
23.44
23.441
23.441
23.443
23.445
23.45
23.458
23.466
23.474
23.486
23.486
23.486
23.486
23.486
23.486
23.486
23.486
23.486
23.486
23.486
23.486
23.486
23.486
23.486
23.486
23.486
23.486
23.486
23.486
23.486
23.486
23.486
23.486
23.486
23.445
23.445
23.445
23.445
23.445
23.446
23.447
23.45
23.459
23.469
23.478
23.478
23.478
23.478
23.478
23.478
23.478
23.478
23.478
23.478
23.478
23.478
23.478
23.478
23.478
23.478
23.478
23.478
23.478
23.478
23.478
23.478
23.478
23.478
23.478
23.44
23.44
23.441
23.441
23.441
23.442
23.443
23.444
23.445
23.446
23.448
23.448
23.448
23.448
23.448
23.448
23.448
23.448
23.448
23.448
23.448
23.448
23.448
23.448
23.448
23.448
23.448
23.448
23.448
23.448
23.448
23.448
23.448
23.448
23.448
23.163
23.163
23.268
23.344
23.376
23.395
23.411
23.432
23.497
23.742
24.407
24.407
24.407
24.407
24.407
24.407
24.407
24.407
24.407
24.407
24.407
24.407
24.407
24.407
24.407
24.407
24.407
24.407
24.407
24.407
24.407
24.407
24.407
24.407
24.407
22.762
22.762
22.941
23.131
23.248
23.308
23.367
23.457
23.633
23.982
24.512
24.512
24.512
24.512
24.512
24.512
24.512
24.512
24.512
24.512
24.512
24.512
24.512
24.512
24.512
24.512
24.512
24.512
24.512
24.512
24.512
24.512
24.512
24.512
24.512
22.009
22.009
22.623
23.001
23.188
23.289
23.382
23.526
23.795
24.212
24.63
24.63
24.63
24.63
24.63
24.63
24.63
24.63
24.63
24.63
24.63
24.63
24.63
24.63
24.63
24.63
24.63
24.63
24.63
24.63
24.63
24.63
24.63
24.63
24.63
22.804
22.804
22.9
23.064
23.221
23.316
23.408
23.566
23.864
24.325
24.792
24.792
24.792
24.792
24.792
24.792
24.792
24.792
24.792
24.792
24.792
24.792
24.792
24.792
24.792
24.792
24.792
24.792
24.792
24.792
24.792
24.792
24.792
24.792
24.792
23.133
23.133
23.14
23.172
23.257
23.326
23.403
23.521
23.74
24.123
24.603
24.603
24.603
24.603
24.603
24.603
24.603
24.603
24.603
24.603
24.603
24.603
24.603
24.603
24.603
24.603
24.603
24.603
24.603
24.603
24.603
24.603
24.603
24.603
24.603
23.501
23.501
23.501
23.503
23.505
23.509
23.513
23.515
23.516
23.52
23.567
23.567
23.567
23.567
23.567
23.567
23.567
23.567
23.567
23.567
23.567
23.567
23.567
23.567
23.567
23.567
23.567
23.567
23.567
23.567
23.567
23.567
23.567
23.567
23.567
22.882
22.882
23.256
23.443
23.539
23.594
23.685
23.931
24.517
25.231
25.86
25.86
25.86
25.86
25.86
25.86
25.86
25.86
25.86
25.86
25.86
25.86
25.86
25.86
25.86
25.86
25.86
25.86
25.86
25.86
25.86
25.86
25.86
25.86
25.86
21.948
21.948
22.576
23.065
23.363
23.579
23.833
24.199
24.719
25.228
25.78
25.78
25.78
25.78
25.78
25.78
25.78
25.78
25.78
25.78
25.78
25.78
25.78
25.78
25.78
25.78
25.78
25.78
25.78
25.78
25.78
25.78
25.78
25.78
25.78
21.935
21.935
22.41
22.86
23.254
23.586
23.929
24.3
24.677
25.039
25.416
25.416
25.416
25.416
25.416
25.416
25.416
25.416
25.416
25.416
25.416
25.416
25.416
25.416
25.416
25.416
25.416
25.416
25.416
25.416
25.416
25.416
25.416
25.416
25.416
22.265
22.265
22.535
22.97
23.376
23.719
24.134
24.58
24.988
25.359
25.649
25.649
25.649
25.649
25.649
25.649
25.649
25.649
25.649
25.649
25.649
25.649
25.649
25.649
25.649
25.649
25.649
25.649
25.649
25.649
25.649
25.649
25.649
25.649
25.649
22.677
22.677
22.838
23.161
23.526
23.953
24.417
24.856
25.257
25.61
25.878
25.878
25.878
25.878
25.878
25.878
25.878
25.878
25.878
25.878
25.878
25.878
25.878
25.878
25.878
25.878
25.878
25.878
25.878
25.878
25.878
25.878
25.878
25.878
25.878
22.645
22.645
22.995
23.229
23.503
23.864
24.282
24.674
25.01
25.278
25.567
25.567
25.567
25.567
25.567
25.567
25.567
25.567
25.567
25.567
25.567
25.567
25.567
25.567
25.567
25.567
25.567
25.567
25.567
25.567
25.567
25.567
25.567
25.567
25.567
22.706
22.706
22.999
23.341
23.673
24.004
24.354
24.696
25.003
25.273
25.54
25.54
25.54
25.54
25.54
25.54
25.54
25.54
25.54
25.54
25.54
25.54
25.54
25.54
25.54
25.54
25.54
25.54
25.54
25.54
25.54
25.54
25.54
25.54
25.54
23.86
23.86
23.933
24.069
24.226
24.405
24.608
24.815
25.016
25.212
25.415
25.415
25.415
25.415
25.415
25.415
25.415
25.415
25.415
25.415
25.415
25.415
25.415
25.415
25.415
25.415
25.415
25.415
25.415
25.415
25.415
25.415
25.415
25.415
25.415
24.287
24.287
24.319
24.417
24.587
24.769
24.892
24.968
25.008
25.023
25.028
25.028
25.028
25.028
25.028
25.028
25.028
25.028
25.028
25.028
25.028
25.028
25.028
25.028
25.028
25.028
25.028
25.028
25.028
25.028
25.028
25.028
25.028
25.028
25.028
24.249
24.249
24.397
24.563
24.686
24.767
24.844
24.94
25.076
25.207
25.26
25.26
25.26
25.26
25.26
25.26
25.26
25.26
25.26
25.26
25.26
25.26
25.26
25.26
25.26
25.26
25.26
25.26
25.26
25.26
25.26
25.26
25.26
25.26
25.26
24.634
24.634
24.64
24.651
24.663
24.677
24.7
24.732
24.785
24.865
24.973
24.973
24.973
24.973
24.973
24.973
24.973
24.973
24.973
24.973
24.973
24.973
24.973
24.973
24.973
24.973
24.973
24.973
24.973
24.973
24.973
24.973
24.973
24.973
24.973
24.957
24.957
24.957
24.957
24.957
24.957
24.957
24.957
24.956
24.956
24.956
24.956
24.956
24.956
24.956
24.956
24.956
24.956
24.956
24.956
24.956
24.956
24.956
24.956
24.956
24.956
24.956
24.956
24.956
24.956
24.956
24.956
24.956
24.956
24.956
25.009
25.009
25.009
25.009
25.009
25.01
25.01
25.011
25.011
25.012
25.013
25.013
25.013
25.013
25.013
25.013
25.013
25.013
25.013
25.013
25.013
25.013
25.013
25.013
25.013
25.013
25.013
25.013
25.013
25.013
25.013
25.013
25.013
25.013
25.013
24.691
24.691
24.747
24.804
24.856
24.911
24.982
25.093
25.34
25.7
26.007
26.007
26.007
26.007
26.007
26.007
26.007
26.007
26.007
26.007
26.007
26.007
26.007
26.007
26.007
26.007
26.007
26.007
26.007
26.007
26.007
26.007
26.007
26.007
26.007
22.138
22.138
23.553
24.264
24.644
24.936
25.211
25.596
26.162
26.808
27.534
27.534
27.534
27.534
27.534
27.534
27.534
27.534
27.534
27.534
27.534
27.534
27.534
27.534
27.534
27.534
27.534
27.534
27.534
27.534
27.534
27.534
27.534
27.534
27.534
22.645
22.645
23.518
24.204
24.695
25.073
25.451
25.808
26.139
26.48
26.921
26.921
26.921
26.921
26.921
26.921
26.921
26.921
26.921
26.921
26.921
26.921
26.921
26.921
26.921
26.921
26.921
26.921
26.921
26.921
26.921
26.921
26.921
26.921
26.921
23.094
23.094
23.994
24.646
24.999
25.214
25.481
25.863
26.326
26.762
27.097
27.097
27.097
27.097
27.097
27.097
27.097
27.097
27.097
27.097
27.097
27.097
27.097
27.097
27.097
27.097
27.097
27.097
27.097
27.097
27.097
27.097
27.097
27.097
27.097
21.409
21.409
22.737
24.033
24.838
25.311
25.639
25.889
26.118
26.298
26.43
26.43
26.43
26.43
26.43
26.43
26.43
26.43
26.43
26.43
26.43
26.43
26.43
26.43
26.43
26.43
26.43
26.43
26.43
26.43
26.43
26.43
26.43
26.43
26.43
21.307
21.307
22.634
23.854
24.715
25.196
25.515
25.731
25.887
25.984
26.055
26.055
26.055
26.055
26.055
26.055
26.055
26.055
26.055
26.055
26.055
26.055
26.055
26.055
26.055
26.055
26.055
26.055
26.055
26.055
26.055
26.055
26.055
26.055
26.055
23.436
23.436
23.52
23.832
24.171
24.379
24.541
24.674
24.796
24.904
25.051
25.051
25.051
25.051
25.051
25.051
25.051
25.051
25.051
25.051
25.051
25.051
25.051
25.051
25.051
25.051
25.051
25.051
25.051
25.051
25.051
25.051
25.051
25.051
25.051
21.536
21.536
23.487
24.593
24.948
25.065
25.156
25.269
25.475
25.848
26.258
26.258
26.258
26.258
26.258
26.258
26.258
26.258
26.258
26.258
26.258
26.258
26.258
26.258
26.258
26.258
26.258
26.258
26.258
26.258
26.258
26.258
26.258
26.258
26.258
24.499
24.499
24.604
24.774
24.966
25.196
25.44
25.65
25.788
25.855
25.875
25.875
25.875
25.875
25.875
25.875
25.875
25.875
25.875
25.875
25.875
25.875
25.875
25.875
25.875
25.875
25.875
25.875
25.875
25.875
25.875
25.875
25.875
25.875
25.875
24.688
24.688
24.688
24.688
24.689
24.703
24.77
24.859
24.956
25.066
25.197
25.197
25.197
25.197
25.197
25.197
25.197
25.197
25.197
25.197
25.197
25.197
25.197
25.197
25.197
25.197
25.197
25.197
25.197
25.197
25.197
25.197
25.197
25.197
25.197
24.96
24.96
24.969
24.991
25.041
25.093
25.153
25.233
25.308
25.352
25.375
25.375
25.375
25.375
25.375
25.375
25.375
25.375
25.375
25.375
25.375
25.375
25.375
25.375
25.375
25.375
25.375
25.375
25.375
25.375
25.375
25.375
25.375
25.375
25.375
25.166
25.166
25.214
25.265
25.308
25.336
25.352
25.365
25.375
25.38
25.382
25.382
25.382
25.382
25.382
25.382
25.382
25.382
25.382
25.382
25.382
25.382
25.382
25.382
25.382
25.382
25.382
25.382
25.382
25.382
25.382
25.382
25.382
25.382
25.382
24.819
24.819
24.888
24.973
25.081
25.208
25.448
25.929
26.632
27.34
27.863
27.863
27.863
27.863
27.863
27.863
27.863
27.863
27.863
27.863
27.863
27.863
27.863
27.863
27.863
27.863
27.863
27.863
27.863
27.863
27.863
27.863
27.863
27.863
27.863
25.016
25.016
25.112
25.198
25.372
25.669
26.049
26.514
27.079
27.576
27.992
27.992
27.992
27.992
27.992
27.992
27.992
27.992
27.992
27.992
27.992
27.992
27.992
27.992
27.992
27.992
27.992
27.992
27.992
27.992
27.992
27.992
27.992
27.992
27.992
26.063
26.063
26.064
26.067
26.077
26.095
26.14
26.287
26.705
27.374
27.787
27.787
27.787
27.787
27.787
27.787
27.787
27.787
27.787
27.787
27.787
27.787
27.787
27.787
27.787
27.787
27.787
27.787
27.787
27.787
27.787
27.787
27.787
27.787
27.787
25.467
25.467
25.608
25.727
25.865
26.017
26.199
26.381
26.595
26.87
27.083
27.083
27.083
27.083
27.083
27.083
27.083
27.083
27.083
27.083
27.083
27.083
27.083
27.083
27.083
27.083
27.083
27.083
27.083
27.083
27.083
27.083
27.083
27.083
27.083
24.254
24.254
25.003
25.461
25.688
25.898
26.139
26.356
26.541
26.69
26.778
26.778
26.778
26.778
26.778
26.778
26.778
26.778
26.778
26.778
26.778
26.778
26.778
26.778
26.778
26.778
26.778
26.778
26.778
26.778
26.778
26.778
26.778
26.778
26.778
24.208
24.208
24.74
25.224
25.47
25.616
25.756
25.894
26.02
26.127
26.207
26.207
26.207
26.207
26.207
26.207
26.207
26.207
26.207
26.207
26.207
26.207
26.207
26.207
26.207
26.207
26.207
26.207
26.207
26.207
26.207
26.207
26.207
26.207
26.207
23.601
23.601
24.527
24.892
25.054
25.196
25.412
25.653
25.791
25.825
25.831
25.831
25.831
25.831
25.831
25.831
25.831
25.831
25.831
25.831
25.831
25.831
25.831
25.831
25.831
25.831
25.831
25.831
25.831
25.831
25.831
25.831
25.831
25.831
25.831
21.901
21.901
23.973
24.972
25.37
25.552
25.67
25.777
25.908
26.027
26.057
26.057
26.057
26.057
26.057
26.057
26.057
26.057
26.057
26.057
26.057
26.057
26.057
26.057
26.057
26.057
26.057
26.057
26.057
26.057
26.057
26.057
26.057
26.057
26.057
21.392
21.392
23.623
24.967
25.419
25.602
25.745
25.895
26.082
26.232
26.275
26.275
26.275
26.275
26.275
26.275
26.275
26.275
26.275
26.275
26.275
26.275
26.275
26.275
26.275
26.275
26.275
26.275
26.275
26.275
26.275
26.275
26.275
26.275
26.275
20.649
20.649
23.047
24.561
25.287
25.613
25.829
26.008
26.176
26.303
26.351
26.351
26.351
26.351
26.351
26.351
26.351
26.351
26.351
26.351
26.351
26.351
26.351
26.351
26.351
26.351
26.351
26.351
26.351
26.351
26.351
26.351
26.351
26.351
26.351
20.857
20.857
22.794
24.421
25.326
25.714
25.929
26.092
26.229
26.326
26.36
26.36
26.36
26.36
26.36
26.36
26.36
26.36
26.36
26.36
26.36
26.36
26.36
26.36
26.36
26.36
26.36
26.36
26.36
26.36
26.36
26.36
26.36
26.36
26.36
22.666
22.666
24.177
24.865
25.212
25.492
25.747
26.011
26.285
26.481
26.548
26.548
26.548
26.548
26.548
26.548
26.548
26.548
26.548
26.548
26.548
26.548
26.548
26.548
26.548
26.548
26.548
26.548
26.548
26.548
26.548
26.548
26.548
26.548
26.548
20.479
20.479
22.75
24.368
25.15
25.558
25.861
26.118
26.342
26.528
26.661
26.661
26.661
26.661
26.661
26.661
26.661
26.661
26.661
26.661
26.661
26.661
26.661
26.661
26.661
26.661
26.661
26.661
26.661
26.661
26.661
26.661
26.661
26.661
26.661
20.892
20.892
22.743
24.378
25.274
25.673
25.922
26.115
26.277
26.409
26.517
26.517
26.517
26.517
26.517
26.517
26.517
26.517
26.517
26.517
26.517
26.517
26.517
26.517
26.517
26.517
26.517
26.517
26.517
26.517
26.517
26.517
26.517
26.517
26.517
24.275
24.275
24.684
25.27
25.614
25.762
25.87
26.026
26.323
26.666
26.917
26.917
26.917
26.917
26.917
26.917
26.917
26.917
26.917
26.917
26.917
26.917
26.917
26.917
26.917
26.917
26.917
26.917
26.917
26.917
26.917
26.917
26.917
26.917
26.917
22.235
22.235
23.438
24.667
25.324
25.627
25.877
26.186
26.619
27.065
27.315
27.315
27.315
27.315
27.315
27.315
27.315
27.315
27.315
27.315
27.315
27.315
27.315
27.315
27.315
27.315
27.315
27.315
27.315
27.315
27.315
27.315
27.315
27.315
27.315
23.388
23.388
23.943
24.605
25.039
25.306
25.531
25.724
25.896
26.05
26.171
26.171
26.171
26.171
26.171
26.171
26.171
26.171
26.171
26.171
26.171
26.171
26.171
26.171
26.171
26.171
26.171
26.171
26.171
26.171
26.171
26.171
26.171
26.171
26.171
24.66
24.66
24.831
25.012
25.122
25.195
25.236
25.258
25.274
25.286
25.297
25.297
25.297
25.297
25.297
25.297
25.297
25.297
25.297
25.297
25.297
25.297
25.297
25.297
25.297
25.297
25.297
25.297
25.297
25.297
25.297
25.297
25.297
25.297
25.297
22.747
22.747
23.994
24.879
25.174
25.206
25.216
25.228
25.24
25.248
25.253
25.253
25.253
25.253
25.253
25.253
25.253
25.253
25.253
25.253
25.253
25.253
25.253
25.253
25.253
25.253
25.253
25.253
25.253
25.253
25.253
25.253
25.253
25.253
25.253
20.78
20.78
23.101
24.47
25.076
25.318
25.573
25.906
26.403
27.003
27.34
27.34
27.34
27.34
27.34
27.34
27.34
27.34
27.34
27.34
27.34
27.34
27.34
27.34
27.34
27.34
27.34
27.34
27.34
27.34
27.34
27.34
27.34
27.34
27.34
21.597
21.597
22.827
23.958
24.693
25.153
25.546
26
26.471
26.781
26.952
26.952
26.952
26.952
26.952
26.952
26.952
26.952
26.952
26.952
26.952
26.952
26.952
26.952
26.952
26.952
26.952
26.952
26.952
26.952
26.952
26.952
26.952
26.952
26.952
23.683
23.683
24.955
25.418
25.569
25.679
25.786
25.917
26.077
26.235
26.357
26.357
26.357
26.357
26.357
26.357
26.357
26.357
26.357
26.357
26.357
26.357
26.357
26.357
26.357
26.357
26.357
26.357
26.357
26.357
26.357
26.357
26.357
26.357
26.357
20.482
20.482
23.194
24.644
25.203
25.423
25.547
25.679
25.832
25.951
25.984
25.984
25.984
25.984
25.984
25.984
25.984
25.984
25.984
25.984
25.984
25.984
25.984
25.984
25.984
25.984
25.984
25.984
25.984
25.984
25.984
25.984
25.984
25.984
25.984
19.745
19.745
22.813
24.445
25.071
25.342
25.525
25.688
25.836
25.962
26.018
26.018
26.018
26.018
26.018
26.018
26.018
26.018
26.018
26.018
26.018
26.018
26.018
26.018
26.018
26.018
26.018
26.018
26.018
26.018
26.018
26.018
26.018
26.018
26.018
21.234
21.234
23.029
24.294
24.93
25.261
25.485
25.637
25.753
25.85
25.93
25.93
25.93
25.93
25.93
25.93
25.93
25.93
25.93
25.93
25.93
25.93
25.93
25.93
25.93
25.93
25.93
25.93
25.93
25.93
25.93
25.93
25.93
25.93
25.93
20.602
20.602
22.775
24.044
24.727
25.118
25.375
25.531
25.621
25.676
25.75
25.75
25.75
25.75
25.75
25.75
25.75
25.75
25.75
25.75
25.75
25.75
25.75
25.75
25.75
25.75
25.75
25.75
25.75
25.75
25.75
25.75
25.75
25.75
25.75
19.857
19.857
22.547
23.968
24.696
25.101
25.36
25.522
25.63
25.709
25.774
25.774
25.774
25.774
25.774
25.774
25.774
25.774
25.774
25.774
25.774
25.774
25.774
25.774
25.774
25.774
25.774
25.774
25.774
25.774
25.774
25.774
25.774
25.774
25.774
20.121
20.121
22.233
23.749
24.577
25.026
25.303
25.481
25.601
25.68
25.748
25.748
25.748
25.748
25.748
25.748
25.748
25.748
25.748
25.748
25.748
25.748
25.748
25.748
25.748
25.748
25.748
25.748
25.748
25.748
25.748
25.748
25.748
25.748
25.748
20.373
20.373
22.463
23.761
24.553
25
25.287
25.473
25.596
25.677
25.741
25.741
25.741
25.741
25.741
25.741
25.741
25.741
25.741
25.741
25.741
25.741
25.741
25.741
25.741
25.741
25.741
25.741
25.741
25.741
25.741
25.741
25.741
25.741
25.741
20.07
20.07
22.264
23.736
24.537
24.99
25.29
25.483
25.616
25.707
25.762
25.762
25.762
25.762
25.762
25.762
25.762
25.762
25.762
25.762
25.762
25.762
25.762
25.762
25.762
25.762
25.762
25.762
25.762
25.762
25.762
25.762
25.762
25.762
25.762
21.694
21.694
22.425
23.479
24.344
24.843
25.189
25.414
25.567
25.675
25.747
25.747
25.747
25.747
25.747
25.747
25.747
25.747
25.747
25.747
25.747
25.747
25.747
25.747
25.747
25.747
25.747
25.747
25.747
25.747
25.747
25.747
25.747
25.747
25.747
22.223
22.223
22.593
23.184
23.617
23.965
24.323
24.658
24.946
25.18
25.424
25.424
25.424
25.424
25.424
25.424
25.424
25.424
25.424
25.424
25.424
25.424
25.424
25.424
25.424
25.424
25.424
25.424
25.424
25.424
25.424
25.424
25.424
25.424
25.424
22.222
22.222
22.597
23.194
23.641
23.979
24.269
24.537
24.788
25.026
25.298
25.298
25.298
25.298
25.298
25.298
25.298
25.298
25.298
25.298
25.298
25.298
25.298
25.298
25.298
25.298
25.298
25.298
25.298
25.298
25.298
25.298
25.298
25.298
25.298
22.439
22.439
22.808
23.076
23.312
23.591
23.91
24.192
24.456
24.71
25.016
25.016
25.016
25.016
25.016
25.016
25.016
25.016
25.016
25.016
25.016
25.016
25.016
25.016
25.016
25.016
25.016
25.016
25.016
25.016
25.016
25.016
25.016
25.016
25.016
21.781
21.781
22.799
23.53
23.919
24.103
24.24
24.4
24.619
24.883
25.161
25.161
25.161
25.161
25.161
25.161
25.161
25.161
25.161
25.161
25.161
25.161
25.161
25.161
25.161
25.161
25.161
25.161
25.161
25.161
25.161
25.161
25.161
25.161
25.161
20.852
20.852
22.029
23.208
23.952
24.382
24.781
25.233
25.755
26.299
26.762
26.762
26.762
26.762
26.762
26.762
26.762
26.762
26.762
26.762
26.762
26.762
26.762
26.762
26.762
26.762
26.762
26.762
26.762
26.762
26.762
26.762
26.762
26.762
26.762
21.499
21.499
22.013
22.874
23.766
24.427
24.957
25.389
25.763
26.109
26.497
26.497
26.497
26.497
26.497
26.497
26.497
26.497
26.497
26.497
26.497
26.497
26.497
26.497
26.497
26.497
26.497
26.497
26.497
26.497
26.497
26.497
26.497
26.497
26.497
21.313
21.313
22.065
22.985
23.76
24.369
24.869
25.263
25.578
25.823
26.045
26.045
26.045
26.045
26.045
26.045
26.045
26.045
26.045
26.045
26.045
26.045
26.045
26.045
26.045
26.045
26.045
26.045
26.045
26.045
26.045
26.045
26.045
26.045
26.045
22.676
22.676
22.699
22.784
23.203
23.689
24.115
24.468
24.791
25.106
25.455
25.455
25.455
25.455
25.455
25.455
25.455
25.455
25.455
25.455
25.455
25.455
25.455
25.455
25.455
25.455
25.455
25.455
25.455
25.455
25.455
25.455
25.455
25.455
25.455
20.785
20.785
22.75
23.444
23.601
23.746
23.997
24.373
24.832
25.282
25.678
25.678
25.678
25.678
25.678
25.678
25.678
25.678
25.678
25.678
25.678
25.678
25.678
25.678
25.678
25.678
25.678
25.678
25.678
25.678
25.678
25.678
25.678
25.678
25.678
18.057
18.057
21.331
23.176
24.083
24.57
25.013
25.496
25.987
26.434
26.859
26.859
26.859
26.859
26.859
26.859
26.859
26.859
26.859
26.859
26.859
26.859
26.859
26.859
26.859
26.859
26.859
26.859
26.859
26.859
26.859
26.859
26.859
26.859
26.859
19.738
19.738
21.555
23.145
24.195
24.797
25.262
25.671
26.044
26.396
26.741
26.741
26.741
26.741
26.741
26.741
26.741
26.741
26.741
26.741
26.741
26.741
26.741
26.741
26.741
26.741
26.741
26.741
26.741
26.741
26.741
26.741
26.741
26.741
26.741
21.155
21.155
22.629
23.735
24.483
24.996
25.466
25.852
26.171
26.425
26.578
26.578
26.578
26.578
26.578
26.578
26.578
26.578
26.578
26.578
26.578
26.578
26.578
26.578
26.578
26.578
26.578
26.578
26.578
26.578
26.578
26.578
26.578
26.578
26.578
20.095
20.095
22.011
23.428
24.234
24.735
25.081
25.357
25.561
25.69
25.797
25.797
25.797
25.797
25.797
25.797
25.797
25.797
25.797
25.797
25.797
25.797
25.797
25.797
25.797
25.797
25.797
25.797
25.797
25.797
25.797
25.797
25.797
25.797
25.797
24.136
24.136
24.319
24.657
24.98
25.233
25.484
25.776
26.189
26.661
26.866
26.866
26.866
26.866
26.866
26.866
26.866
26.866
26.866
26.866
26.866
26.866
26.866
26.866
26.866
26.866
26.866
26.866
26.866
26.866
26.866
26.866
26.866
26.866
26.866
25.318
25.318
25.502
25.715
25.858
25.923
25.964
25.986
26.013
26.102
26.319
26.319
26.319
26.319
26.319
26.319
26.319
26.319
26.319
26.319
26.319
26.319
26.319
26.319
26.319
26.319
26.319
26.319
26.319
26.319
26.319
26.319
26.319
26.319
26.319
23.439
23.439
24.305
24.825
25.183
25.422
25.587
25.699
25.804
25.892
25.932
25.932
25.932
25.932
25.932
25.932
25.932
25.932
25.932
25.932
25.932
25.932
25.932
25.932
25.932
25.932
25.932
25.932
25.932
25.932
25.932
25.932
25.932
25.932
25.932
24.186
24.186
24.371
24.675
24.948
25.091
25.145
25.186
25.216
25.235
25.247
25.247
25.247
25.247
25.247
25.247
25.247
25.247
25.247
25.247
25.247
25.247
25.247
25.247
25.247
25.247
25.247
25.247
25.247
25.247
25.247
25.247
25.247
25.247
25.247
24.285
24.285
24.297
24.33
24.394
24.482
24.572
24.637
24.679
24.707
24.733
24.733
24.733
24.733
24.733
24.733
24.733
24.733
24.733
24.733
24.733
24.733
24.733
24.733
24.733
24.733
24.733
24.733
24.733
24.733
24.733
24.733
24.733
24.733
24.733
24.026
24.026
24.044
24.098
24.214
24.395
24.607
24.779
24.891
24.956
24.986
24.986
24.986
24.986
24.986
24.986
24.986
24.986
24.986
24.986
24.986
24.986
24.986
24.986
24.986
24.986
24.986
24.986
24.986
24.986
24.986
24.986
24.986
24.986
24.986
23.799
23.799
23.956
24.207
24.386
24.481
24.557
24.63
24.697
24.736
24.751
24.751
24.751
24.751
24.751
24.751
24.751
24.751
24.751
24.751
24.751
24.751
24.751
24.751
24.751
24.751
24.751
24.751
24.751
24.751
24.751
24.751
24.751
24.751
24.751
24.029
24.029
24.219
24.328
24.403
24.481
24.558
24.634
24.711
24.755
24.769
24.769
24.769
24.769
24.769
24.769
24.769
24.769
24.769
24.769
24.769
24.769
24.769
24.769
24.769
24.769
24.769
24.769
24.769
24.769
24.769
24.769
24.769
24.769
24.769
24.016
24.016
24.155
24.266
24.327
24.39
24.526
24.719
24.86
25.028
25.293
25.293
25.293
25.293
25.293
25.293
25.293
25.293
25.293
25.293
25.293
25.293
25.293
25.293
25.293
25.293
25.293
25.293
25.293
25.293
25.293
25.293
25.293
25.293
25.293
23.485
23.485
23.961
24.15
24.225
24.294
24.414
24.6
24.811
24.996
25.214
25.214
25.214
25.214
25.214
25.214
25.214
25.214
25.214
25.214
25.214
25.214
25.214
25.214
25.214
25.214
25.214
25.214
25.214
25.214
25.214
25.214
25.214
25.214
25.214
24.429
24.429
24.499
24.574
24.664
24.786
25.047
25.538
26.055
26.429
26.555
26.555
26.555
26.555
26.555
26.555
26.555
26.555
26.555
26.555
26.555
26.555
26.555
26.555
26.555
26.555
26.555
26.555
26.555
26.555
26.555
26.555
26.555
26.555
26.555
24.232
24.232
24.48
24.786
24.981
25.12
25.386
25.925
26.573
27.052
27.213
27.213
27.213
27.213
27.213
27.213
27.213
27.213
27.213
27.213
27.213
27.213
27.213
27.213
27.213
27.213
27.213
27.213
27.213
27.213
27.213
27.213
27.213
27.213
27.213
24.975
24.975
24.985
25.033
25.182
25.427
25.623
25.76
26.019
26.5
26.938
26.938
26.938
26.938
26.938
26.938
26.938
26.938
26.938
26.938
26.938
26.938
26.938
26.938
26.938
26.938
26.938
26.938
26.938
26.938
26.938
26.938
26.938
26.938
26.938
25.28
25.28
25.311
25.349
25.4
25.467
25.552
25.674
25.854
26.088
26.354
26.354
26.354
26.354
26.354
26.354
26.354
26.354
26.354
26.354
26.354
26.354
26.354
26.354
26.354
26.354
26.354
26.354
26.354
26.354
26.354
26.354
26.354
26.354
26.354
25.134
25.134
25.201
25.237
25.242
25.245
25.265
25.323
25.454
25.661
25.895
25.895
25.895
25.895
25.895
25.895
25.895
25.895
25.895
25.895
25.895
25.895
25.895
25.895
25.895
25.895
25.895
25.895
25.895
25.895
25.895
25.895
25.895
25.895
25.895
25.246
25.246
25.247
25.248
25.251
25.258
25.282
25.347
25.47
25.633
25.821
25.821
25.821
25.821
25.821
25.821
25.821
25.821
25.821
25.821
25.821
25.821
25.821
25.821
25.821
25.821
25.821
25.821
25.821
25.821
25.821
25.821
25.821
25.821
25.821
25.617
25.617
25.618
25.62
25.624
25.632
25.649
25.717
26.078
27.076
28.055
28.055
28.055
28.055
28.055
28.055
28.055
28.055
28.055
28.055
28.055
28.055
28.055
28.055
28.055
28.055
28.055
28.055
28.055
28.055
28.055
28.055
28.055
28.055
28.055
25.808
25.808
25.809
25.811
25.815
25.819
25.824
25.832
25.92
26.343
26.986
26.986
26.986
26.986
26.986
26.986
26.986
26.986
26.986
26.986
26.986
26.986
26.986
26.986
26.986
26.986
26.986
26.986
26.986
26.986
26.986
26.986
26.986
26.986
26.986
25.767
25.767
25.769
25.774
25.78
25.788
25.802
25.826
25.882
25.942
25.967
25.967
25.967
25.967
25.967
25.967
25.967
25.967
25.967
25.967
25.967
25.967
25.967
25.967
25.967
25.967
25.967
25.967
25.967
25.967
25.967
25.967
25.967
25.967
25.967
25.689
25.689
25.689
25.689
25.689
25.689
25.689
25.689
25.689
25.689
25.689
25.689
25.689
25.689
25.689
25.689
25.689
25.689
25.689
25.689
25.689
25.689
25.689
25.689
25.689
25.689
25.689
25.689
25.689
25.689
25.689
25.689
25.689
25.689
25.689
25.756
25.756
25.756
25.756
25.756
25.756
25.757
25.757
25.757
25.757
25.756
25.756
25.756
25.756
25.756
25.756
25.756
25.756
25.756
25.756
25.756
25.756
25.756
25.756
25.756
25.756
25.756
25.756
25.756
25.756
25.756
25.756
25.756
25.756
25.756
25.643
25.643
25.646
25.655
25.68
25.735
25.812
25.895
25.961
25.985
25.989
25.989
25.989
25.989
25.989
25.989
25.989
25.989
25.989
25.989
25.989
25.989
25.989
25.989
25.989
25.989
25.989
25.989
25.989
25.989
25.989
25.989
25.989
25.989
25.989
25.881
25.881
25.882
25.882
25.883
25.884
25.89
25.907
25.93
25.952
25.984
25.984
25.984
25.984
25.984
25.984
25.984
25.984
25.984
25.984
25.984
25.984
25.984
25.984
25.984
25.984
25.984
25.984
25.984
25.984
25.984
25.984
25.984
25.984
25.984
25.925
25.925
25.946
25.971
25.992
26.004
26.012
26.021
26.029
26.037
26.043
26.043
26.043
26.043
26.043
26.043
26.043
26.043
26.043
26.043
26.043
26.043
26.043
26.043
26.043
26.043
26.043
26.043
26.043
26.043
26.043
26.043
26.043
26.043
26.043
25.909
25.909
25.934
25.974
26.012
26.039
26.065
26.089
26.105
26.114
26.121
26.121
26.121
26.121
26.121
26.121
26.121
26.121
26.121
26.121
26.121
26.121
26.121
26.121
26.121
26.121
26.121
26.121
26.121
26.121
26.121
26.121
26.121
26.121
26.121
25.322
25.322
25.512
25.82
26.009
26.092
26.159
26.222
26.27
26.297
26.312
26.312
26.312
26.312
26.312
26.312
26.312
26.312
26.312
26.312
26.312
26.312
26.312
26.312
26.312
26.312
26.312
26.312
26.312
26.312
26.312
26.312
26.312
26.312
26.312
25.813
25.813
25.868
25.982
26.094
26.178
26.241
26.301
26.363
26.414
26.429
26.429
26.429
26.429
26.429
26.429
26.429
26.429
26.429
26.429
26.429
26.429
26.429
26.429
26.429
26.429
26.429
26.429
26.429
26.429
26.429
26.429
26.429
26.429
26.429
26.007
26.007
26.055
26.126
26.201
26.238
26.258
26.277
26.298
26.316
26.331
26.331
26.331
26.331
26.331
26.331
26.331
26.331
26.331
26.331
26.331
26.331
26.331
26.331
26.331
26.331
26.331
26.331
26.331
26.331
26.331
26.331
26.331
26.331
26.331
26.148
26.148
26.183
26.221
26.261
26.292
26.326
26.394
26.591
26.881
27.097
27.097
27.097
27.097
27.097
27.097
27.097
27.097
27.097
27.097
27.097
27.097
27.097
27.097
27.097
27.097
27.097
27.097
27.097
27.097
27.097
27.097
27.097
27.097
27.097
26.279
26.279
26.281
26.29
26.301
26.308
26.315
26.33
26.389
26.515
26.649
26.649
26.649
26.649
26.649
26.649
26.649
26.649
26.649
26.649
26.649
26.649
26.649
26.649
26.649
26.649
26.649
26.649
26.649
26.649
26.649
26.649
26.649
26.649
26.649
26.214
26.214
26.23
26.258
26.286
26.307
26.319
26.326
26.329
26.331
26.333
26.333
26.333
26.333
26.333
26.333
26.333
26.333
26.333
26.333
26.333
26.333
26.333
26.333
26.333
26.333
26.333
26.333
26.333
26.333
26.333
26.333
26.333
26.333
26.333
26.2
26.2
26.202
26.208
26.221
26.246
26.284
26.345
26.476
26.696
26.873
26.873
26.873
26.873
26.873
26.873
26.873
26.873
26.873
26.873
26.873
26.873
26.873
26.873
26.873
26.873
26.873
26.873
26.873
26.873
26.873
26.873
26.873
26.873
26.873
26.181
26.181
26.182
26.186
26.196
26.211
26.229
26.246
26.26
26.273
26.281
26.281
26.281
26.281
26.281
26.281
26.281
26.281
26.281
26.281
26.281
26.281
26.281
26.281
26.281
26.281
26.281
26.281
26.281
26.281
26.281
26.281
26.281
26.281
26.281
26.335
26.335
26.336
26.337
26.339
26.341
26.344
26.348
26.353
26.358
26.363
26.363
26.363
26.363
26.363
26.363
26.363
26.363
26.363
26.363
26.363
26.363
26.363
26.363
26.363
26.363
26.363
26.363
26.363
26.363
26.363
26.363
26.363
26.363
26.363
26.333
26.333
26.347
26.388
26.441
26.485
26.521
26.544
26.558
26.564
26.569
26.569
26.569
26.569
26.569
26.569
26.569
26.569
26.569
26.569
26.569
26.569
26.569
26.569
26.569
26.569
26.569
26.569
26.569
26.569
26.569
26.569
26.569
26.569
26.569
26.339
26.339
26.345
26.364
26.398
26.433
26.472
26.519
26.558
26.589
26.605
26.605
26.605
26.605
26.605
26.605
26.605
26.605
26.605
26.605
26.605
26.605
26.605
26.605
26.605
26.605
26.605
26.605
26.605
26.605
26.605
26.605
26.605
26.605
26.605
26.394
26.394
26.398
26.413
26.433
26.45
26.469
26.494
26.532
26.584
26.638
26.638
26.638
26.638
26.638
26.638
26.638
26.638
26.638
26.638
26.638
26.638
26.638
26.638
26.638
26.638
26.638
26.638
26.638
26.638
26.638
26.638
26.638
26.638
26.638
26.617
26.617
26.638
26.674
26.699
26.713
26.728
26.761
26.869
27.169
27.516
27.516
27.516
27.516
27.516
27.516
27.516
27.516
27.516
27.516
27.516
27.516
27.516
27.516
27.516
27.516
27.516
27.516
27.516
27.516
27.516
27.516
27.516
27.516
27.516
26.602
26.602
26.638
26.69
26.732
26.76
26.785
26.831
26.965
27.239
27.488
27.488
27.488
27.488
27.488
27.488
27.488
27.488
27.488
27.488
27.488
27.488
27.488
27.488
27.488
27.488
27.488
27.488
27.488
27.488
27.488
27.488
27.488
27.488
27.488
26.836
26.836
26.836
26.836
26.835
26.835
26.834
26.834
26.833
26.833
26.832
26.832
26.832
26.832
26.832
26.832
26.832
26.832
26.832
26.832
26.832
26.832
26.832
26.832
26.832
26.832
26.832
26.832
26.832
26.832
26.832
26.832
26.832
26.832
26.832
26.875
26.875
26.875
26.875
26.875
26.874
26.874
26.874
26.873
26.873
26.872
26.872
26.872
26.872
26.872
26.872
26.872
26.872
26.872
26.872
26.872
26.872
26.872
26.872
26.872
26.872
26.872
26.872
26.872
26.872
26.872
26.872
26.872
26.872
26.872
26.428
26.428
26.434
26.45
26.484
26.547
26.636
26.737
26.838
26.957
27.092
27.092
27.092
27.092
27.092
27.092
27.092
27.092
27.092
27.092
27.092
27.092
27.092
27.092
27.092
27.092
27.092
27.092
27.092
27.092
27.092
27.092
27.092
27.092
27.092
25.382
25.382
25.546
25.858
26.3
26.56
26.735
26.918
27.141
27.397
27.597
27.597
27.597
27.597
27.597
27.597
27.597
27.597
27.597
27.597
27.597
27.597
27.597
27.597
27.597
27.597
27.597
27.597
27.597
27.597
27.597
27.597
27.597
27.597
27.597
23.913
23.913
25.071
25.995
26.55
26.784
26.928
27.037
27.123
27.166
27.176
27.176
27.176
27.176
27.176
27.176
27.176
27.176
27.176
27.176
27.176
27.176
27.176
27.176
27.176
27.176
27.176
27.176
27.176
27.176
27.176
27.176
27.176
27.176
27.176
25.184
25.184
25.269
25.521
25.981
26.429
26.735
26.925
27.071
27.178
27.232
27.232
27.232
27.232
27.232
27.232
27.232
27.232
27.232
27.232
27.232
27.232
27.232
27.232
27.232
27.232
27.232
27.232
27.232
27.232
27.232
27.232
27.232
27.232
27.232
26.494
26.494
26.496
26.5
26.509
26.529
26.564
26.603
26.63
26.648
26.662
26.662
26.662
26.662
26.662
26.662
26.662
26.662
26.662
26.662
26.662
26.662
26.662
26.662
26.662
26.662
26.662
26.662
26.662
26.662
26.662
26.662
26.662
26.662
26.662
25.969
25.969
26.046
26.219
26.333
26.462
26.579
26.674
26.765
26.838
26.863
26.863
26.863
26.863
26.863
26.863
26.863
26.863
26.863
26.863
26.863
26.863
26.863
26.863
26.863
26.863
26.863
26.863
26.863
26.863
26.863
26.863
26.863
26.863
26.863
26.287
26.287
26.296
26.34
26.389
26.424
26.457
26.5
26.556
26.603
26.646
26.646
26.646
26.646
26.646
26.646
26.646
26.646
26.646
26.646
26.646
26.646
26.646
26.646
26.646
26.646
26.646
26.646
26.646
26.646
26.646
26.646
26.646
26.646
26.646
26.072
26.072
26.277
26.386
26.449
26.47
26.48
26.498
26.524
26.557
26.604
26.604
26.604
26.604
26.604
26.604
26.604
26.604
26.604
26.604
26.604
26.604
26.604
26.604
26.604
26.604
26.604
26.604
26.604
26.604
26.604
26.604
26.604
26.604
26.604
23.144
23.144
24.423
25.46
26.04
26.407
26.574
26.627
26.662
26.691
26.707
26.707
26.707
26.707
26.707
26.707
26.707
26.707
26.707
26.707
26.707
26.707
26.707
26.707
26.707
26.707
26.707
26.707
26.707
26.707
26.707
26.707
26.707
26.707
26.707
24.456
24.456
24.492
25.097
25.643
25.858
25.981
26.072
26.146
26.204
26.265
26.265
26.265
26.265
26.265
26.265
26.265
26.265
26.265
26.265
26.265
26.265
26.265
26.265
26.265
26.265
26.265
26.265
26.265
26.265
26.265
26.265
26.265
26.265
26.265
23.764
23.764
25.051
25.815
26.226
26.463
26.662
26.833
26.975
27.082
27.128
27.128
27.128
27.128
27.128
27.128
27.128
27.128
27.128
27.128
27.128
27.128
27.128
27.128
27.128
27.128
27.128
27.128
27.128
27.128
27.128
27.128
27.128
27.128
27.128
26.858
26.858
26.925
27.021
27.122
27.22
27.346
27.543
27.852
28.298
28.71
28.71
28.71
28.71
28.71
28.71
28.71
28.71
28.71
28.71
28.71
28.71
28.71
28.71
28.71
28.71
28.71
28.71
28.71
28.71
28.71
28.71
28.71
28.71
28.71
26.991
26.991
26.992
26.995
27.004
27.02
27.036
27.049
27.058
27.064
27.071
27.071
27.071
27.071
27.071
27.071
27.071
27.071
27.071
27.071
27.071
27.071
27.071
27.071
27.071
27.071
27.071
27.071
27.071
27.071
27.071
27.071
27.071
27.071
27.071
26.603
26.603
26.624
26.69
26.791
26.878
26.942
26.997
27.03
27.046
27.052
27.052
27.052
27.052
27.052
27.052
27.052
27.052
27.052
27.052
27.052
27.052
27.052
27.052
27.052
27.052
27.052
27.052
27.052
27.052
27.052
27.052
27.052
27.052
27.052
26.242
26.242
26.313
26.46
26.635
26.757
26.823
26.871
26.937
27.005
27.027
27.027
27.027
27.027
27.027
27.027
27.027
27.027
27.027
27.027
27.027
27.027
27.027
27.027
27.027
27.027
27.027
27.027
27.027
27.027
27.027
27.027
27.027
27.027
27.027
23.067
23.067
24.767
25.832
26.404
26.677
26.821
26.904
26.96
26.986
26.991
26.991
26.991
26.991
26.991
26.991
26.991
26.991
26.991
26.991
26.991
26.991
26.991
26.991
26.991
26.991
26.991
26.991
26.991
26.991
26.991
26.991
26.991
26.991
26.991
22.568
22.568
23.932
24.929
25.634
26.183
26.561
26.771
26.891
26.958
26.989
26.989
26.989
26.989
26.989
26.989
26.989
26.989
26.989
26.989
26.989
26.989
26.989
26.989
26.989
26.989
26.989
26.989
26.989
26.989
26.989
26.989
26.989
26.989
26.989
24.201
24.201
24.654
25.012
25.318
25.597
25.809
25.962
26.093
26.22
26.417
26.417
26.417
26.417
26.417
26.417
26.417
26.417
26.417
26.417
26.417
26.417
26.417
26.417
26.417
26.417
26.417
26.417
26.417
26.417
26.417
26.417
26.417
26.417
26.417
23.457
23.457
24.596
25.672
26.013
26.107
26.176
26.249
26.343
26.438
26.514
26.514
26.514
26.514
26.514
26.514
26.514
26.514
26.514
26.514
26.514
26.514
26.514
26.514
26.514
26.514
26.514
26.514
26.514
26.514
26.514
26.514
26.514
26.514
26.514
23.088
23.088
24.531
25.422
25.721
25.859
25.995
26.155
26.362
26.591
26.889
26.889
26.889
26.889
26.889
26.889
26.889
26.889
26.889
26.889
26.889
26.889
26.889
26.889
26.889
26.889
26.889
26.889
26.889
26.889
26.889
26.889
26.889
26.889
26.889
22.698
22.698
24.128
25.331
25.892
26.207
26.462
26.708
26.979
27.254
27.503
27.503
27.503
27.503
27.503
27.503
27.503
27.503
27.503
27.503
27.503
27.503
27.503
27.503
27.503
27.503
27.503
27.503
27.503
27.503
27.503
27.503
27.503
27.503
27.503
22.211
22.211
23.815
25.215
25.886
26.285
26.602
26.866
27.145
27.419
27.629
27.629
27.629
27.629
27.629
27.629
27.629
27.629
27.629
27.629
27.629
27.629
27.629
27.629
27.629
27.629
27.629
27.629
27.629
27.629
27.629
27.629
27.629
27.629
27.629
22.65
22.65
23.865
25.127
25.823
26.238
26.567
26.822
27.036
27.228
27.403
27.403
27.403
27.403
27.403
27.403
27.403
27.403
27.403
27.403
27.403
27.403
27.403
27.403
27.403
27.403
27.403
27.403
27.403
27.403
27.403
27.403
27.403
27.403
27.403
24.02
24.02
24.392
25.092
25.693
26.113
26.415
26.636
26.812
26.954
27.06
27.06
27.06
27.06
27.06
27.06
27.06
27.06
27.06
27.06
27.06
27.06
27.06
27.06
27.06
27.06
27.06
27.06
27.06
27.06
27.06
27.06
27.06
27.06
27.06
21.9
21.9
23.654
24.911
25.552
26.021
26.334
26.546
26.717
26.855
26.966
26.966
26.966
26.966
26.966
26.966
26.966
26.966
26.966
26.966
26.966
26.966
26.966
26.966
26.966
26.966
26.966
26.966
26.966
26.966
26.966
26.966
26.966
26.966
26.966
21.806
21.806
23.518
24.764
25.568
25.976
26.238
26.446
26.634
26.807
26.984
26.984
26.984
26.984
26.984
26.984
26.984
26.984
26.984
26.984
26.984
26.984
26.984
26.984
26.984
26.984
26.984
26.984
26.984
26.984
26.984
26.984
26.984
26.984
26.984
18.72
18.72
21.729
23.978
25.227
25.947
26.289
26.529
26.744
26.95
27.178
27.178
27.178
27.178
27.178
27.178
27.178
27.178
27.178
27.178
27.178
27.178
27.178
27.178
27.178
27.178
27.178
27.178
27.178
27.178
27.178
27.178
27.178
27.178
27.178
21.317
21.317
22.385
23.308
24.066
24.649
25.084
25.426
25.725
26.035
26.434
26.434
26.434
26.434
26.434
26.434
26.434
26.434
26.434
26.434
26.434
26.434
26.434
26.434
26.434
26.434
26.434
26.434
26.434
26.434
26.434
26.434
26.434
26.434
26.434
22.3
22.3
23.212
23.829
24.216
24.458
24.665
24.921
25.252
25.631
26.01
26.01
26.01
26.01
26.01
26.01
26.01
26.01
26.01
26.01
26.01
26.01
26.01
26.01
26.01
26.01
26.01
26.01
26.01
26.01
26.01
26.01
26.01
26.01
26.01
22.947
22.947
23.743
24.346
24.662
24.863
25.034
25.211
25.385
25.538
25.722
25.722
25.722
25.722
25.722
25.722
25.722
25.722
25.722
25.722
25.722
25.722
25.722
25.722
25.722
25.722
25.722
25.722
25.722
25.722
25.722
25.722
25.722
25.722
25.722
22.849
22.849
23.626
24.225
24.614
24.927
25.194
25.426
25.644
25.822
25.907
25.907
25.907
25.907
25.907
25.907
25.907
25.907
25.907
25.907
25.907
25.907
25.907
25.907
25.907
25.907
25.907
25.907
25.907
25.907
25.907
25.907
25.907
25.907
25.907
21.662
21.662
23.156
24.401
25.016
25.404
25.736
26.036
26.319
26.568
26.822
26.822
26.822
26.822
26.822
26.822
26.822
26.822
26.822
26.822
26.822
26.822
26.822
26.822
26.822
26.822
26.822
26.822
26.822
26.822
26.822
26.822
26.822
26.822
26.822
21.059
21.059
23.16
24.511
25.313
25.842
26.252
26.596
26.89
27.124
27.304
27.304
27.304
27.304
27.304
27.304
27.304
27.304
27.304
27.304
27.304
27.304
27.304
27.304
27.304
27.304
27.304
27.304
27.304
27.304
27.304
27.304
27.304
27.304
27.304
18.232
18.232
21.877
24.479
25.611
25.997
26.276
26.517
26.718
26.861
27.008
27.008
27.008
27.008
27.008
27.008
27.008
27.008
27.008
27.008
27.008
27.008
27.008
27.008
27.008
27.008
27.008
27.008
27.008
27.008
27.008
27.008
27.008
27.008
27.008
19.17
19.17
20.946
22.657
23.621
24.34
24.937
25.394
25.72
25.945
26.313
26.313
26.313
26.313
26.313
26.313
26.313
26.313
26.313
26.313
26.313
26.313
26.313
26.313
26.313
26.313
26.313
26.313
26.313
26.313
26.313
26.313
26.313
26.313
26.313
20.871
20.871
21.799
23.029
23.72
24.095
24.45
24.853
25.279
25.666
26.031
26.031
26.031
26.031
26.031
26.031
26.031
26.031
26.031
26.031
26.031
26.031
26.031
26.031
26.031
26.031
26.031
26.031
26.031
26.031
26.031
26.031
26.031
26.031
26.031
18.143
18.143
21.448
23.492
24.401
24.836
25.224
25.623
26.08
26.536
26.853
26.853
26.853
26.853
26.853
26.853
26.853
26.853
26.853
26.853
26.853
26.853
26.853
26.853
26.853
26.853
26.853
26.853
26.853
26.853
26.853
26.853
26.853
26.853
26.853
22.071
22.071
22.603
23.534
24.459
25.092
25.548
25.945
26.372
26.83
27.201
27.201
27.201
27.201
27.201
27.201
27.201
27.201
27.201
27.201
27.201
27.201
27.201
27.201
27.201
27.201
27.201
27.201
27.201
27.201
27.201
27.201
27.201
27.201
27.201
21.79
21.79
23.686
24.468
24.947
25.352
25.69
25.992
26.269
26.479
26.627
26.627
26.627
26.627
26.627
26.627
26.627
26.627
26.627
26.627
26.627
26.627
26.627
26.627
26.627
26.627
26.627
26.627
26.627
26.627
26.627
26.627
26.627
26.627
26.627
23.274
23.274
23.454
23.851
24.355
24.796
25.194
25.615
26.029
26.378
26.547
26.547
26.547
26.547
26.547
26.547
26.547
26.547
26.547
26.547
26.547
26.547
26.547
26.547
26.547
26.547
26.547
26.547
26.547
26.547
26.547
26.547
26.547
26.547
26.547
22.683
22.683
23.709
24.732
25.104
25.236
25.473
25.841
26.37
26.878
27.081
27.081
27.081
27.081
27.081
27.081
27.081
27.081
27.081
27.081
27.081
27.081
27.081
27.081
27.081
27.081
27.081
27.081
27.081
27.081
27.081
27.081
27.081
27.081
27.081
21.765
21.765
23.123
24.3
24.98
25.234
25.488
25.782
26.043
26.173
26.252
26.252
26.252
26.252
26.252
26.252
26.252
26.252
26.252
26.252
26.252
26.252
26.252
26.252
26.252
26.252
26.252
26.252
26.252
26.252
26.252
26.252
26.252
26.252
26.252
22.797
22.797
23.152
23.621
24.045
24.375
24.653
24.869
25.027
25.133
25.265
25.265
25.265
25.265
25.265
25.265
25.265
25.265
25.265
25.265
25.265
25.265
25.265
25.265
25.265
25.265
25.265
25.265
25.265
25.265
25.265
25.265
25.265
25.265
25.265
23.837
23.837
23.904
23.996
24.055
24.084
24.103
24.123
24.146
24.168
24.223
24.223
24.223
24.223
24.223
24.223
24.223
24.223
24.223
24.223
24.223
24.223
24.223
24.223
24.223
24.223
24.223
24.223
24.223
24.223
24.223
24.223
24.223
24.223
24.223
23.476
23.476
23.76
24.012
24.126
24.164
24.184
24.202
24.221
24.238
24.254
24.254
24.254
24.254
24.254
24.254
24.254
24.254
24.254
24.254
24.254
24.254
24.254
24.254
24.254
24.254
24.254
24.254
24.254
24.254
24.254
24.254
24.254
24.254
24.254
24.187
24.187
24.196
24.224
24.271
24.313
24.336
24.346
24.351
24.353
24.353
24.353
24.353
24.353
24.353
24.353
24.353
24.353
24.353
24.353
24.353
24.353
24.353
24.353
24.353
24.353
24.353
24.353
24.353
24.353
24.353
24.353
24.353
24.353
24.353
24.619
24.619
24.625
24.632
24.642
24.655
24.67
24.684
24.692
24.695
24.702
24.702
24.702
24.702
24.702
24.702
24.702
24.702
24.702
24.702
24.702
24.702
24.702
24.702
24.702
24.702
24.702
24.702
24.702
24.702
24.702
24.702
24.702
24.702
24.702
22.978
22.978
23.448
24.169
24.644
24.884
25.046
25.194
25.324
25.414
25.461
25.461
25.461
25.461
25.461
25.461
25.461
25.461
25.461
25.461
25.461
25.461
25.461
25.461
25.461
25.461
25.461
25.461
25.461
25.461
25.461
25.461
25.461
25.461
25.461
23.286
23.286
23.635
23.934
24.426
24.994
25.486
25.889
26.246
26.611
26.923
26.923
26.923
26.923
26.923
26.923
26.923
26.923
26.923
26.923
26.923
26.923
26.923
26.923
26.923
26.923
26.923
26.923
26.923
26.923
26.923
26.923
26.923
26.923
26.923
23.252
23.252
23.412
23.653
24.164
24.82
25.269
25.554
25.796
25.996
26.241
26.241
26.241
26.241
26.241
26.241
26.241
26.241
26.241
26.241
26.241
26.241
26.241
26.241
26.241
26.241
26.241
26.241
26.241
26.241
26.241
26.241
26.241
26.241
26.241
23.777
23.777
23.791
23.811
23.851
24.036
24.293
24.534
24.797
25.04
25.394
25.394
25.394
25.394
25.394
25.394
25.394
25.394
25.394
25.394
25.394
25.394
25.394
25.394
25.394
25.394
25.394
25.394
25.394
25.394
25.394
25.394
25.394
25.394
25.394
23.69
23.69
23.776
24.011
24.191
24.252
24.325
24.44
24.625
24.899
25.273
25.273
25.273
25.273
25.273
25.273
25.273
25.273
25.273
25.273
25.273
25.273
25.273
25.273
25.273
25.273
25.273
25.273
25.273
25.273
25.273
25.273
25.273
25.273
25.273
23.729
23.729
23.834
23.979
24.233
24.42
24.592
24.802
25.117
25.505
25.801
25.801
25.801
25.801
25.801
25.801
25.801
25.801
25.801
25.801
25.801
25.801
25.801
25.801
25.801
25.801
25.801
25.801
25.801
25.801
25.801
25.801
25.801
25.801
25.801
23.846
23.846
23.876
23.967
24.149
24.44
24.738
25.017
25.327
25.635
25.901
25.901
25.901
25.901
25.901
25.901
25.901
25.901
25.901
25.901
25.901
25.901
25.901
25.901
25.901
25.901
25.901
25.901
25.901
25.901
25.901
25.901
25.901
25.901
25.901
25.239
25.239
25.24
25.241
25.244
25.252
25.308
25.502
25.791
26.035
26.25
26.25
26.25
26.25
26.25
26.25
26.25
26.25
26.25
26.25
26.25
26.25
26.25
26.25
26.25
26.25
26.25
26.25
26.25
26.25
26.25
26.25
26.25
26.25
26.25
25.127
25.127
25.127
25.128
25.128
25.128
25.129
25.13
25.13
25.132
25.134
25.134
25.134
25.134
25.134
25.134
25.134
25.134
25.134
25.134
25.134
25.134
25.134
25.134
25.134
25.134
25.134
25.134
25.134
25.134
25.134
25.134
25.134
25.134
25.134
24.848
24.848
24.848
24.848
24.849
24.85
24.851
24.853
24.855
24.858
24.864
24.864
24.864
24.864
24.864
24.864
24.864
24.864
24.864
24.864
24.864
24.864
24.864
24.864
24.864
24.864
24.864
24.864
24.864
24.864
24.864
24.864
24.864
24.864
24.864
24.974
24.974
24.974
24.974
24.974
24.975
24.975
24.976
24.977
24.978
24.98
24.98
24.98
24.98
24.98
24.98
24.98
24.98
24.98
24.98
24.98
24.98
24.98
24.98
24.98
24.98
24.98
24.98
24.98
24.98
24.98
24.98
24.98
24.98
24.98
24.867
24.867
24.89
24.972
25.093
25.189
25.257
25.309
25.347
25.368
25.379
25.379
25.379
25.379
25.379
25.379
25.379
25.379
25.379
25.379
25.379
25.379
25.379
25.379
25.379
25.379
25.379
25.379
25.379
25.379
25.379
25.379
25.379
25.379
25.379
24.944
24.944
24.985
25.031
25.09
25.16
25.242
25.332
25.42
25.484
25.523
25.523
25.523
25.523
25.523
25.523
25.523
25.523
25.523
25.523
25.523
25.523
25.523
25.523
25.523
25.523
25.523
25.523
25.523
25.523
25.523
25.523
25.523
25.523
25.523
24.767
24.767
24.825
24.962
25.109
25.183
25.248
25.321
25.397
25.473
25.515
25.515
25.515
25.515
25.515
25.515
25.515
25.515
25.515
25.515
25.515
25.515
25.515
25.515
25.515
25.515
25.515
25.515
25.515
25.515
25.515
25.515
25.515
25.515
25.515
24.654
24.654
24.724
24.85
25.016
25.152
25.253
25.336
25.414
25.479
25.523
25.523
25.523
25.523
25.523
25.523
25.523
25.523
25.523
25.523
25.523
25.523
25.523
25.523
25.523
25.523
25.523
25.523
25.523
25.523
25.523
25.523
25.523
25.523
25.523
25.163
25.163
25.175
25.211
25.272
25.33
25.397
25.498
25.664
25.922
26.233
26.233
26.233
26.233
26.233
26.233
26.233
26.233
26.233
26.233
26.233
26.233
26.233
26.233
26.233
26.233
26.233
26.233
26.233
26.233
26.233
26.233
26.233
26.233
26.233
25.507
25.507
25.508
25.512
25.519
25.534
25.566
25.655
25.846
26.1
26.319
26.319
26.319
26.319
26.319
26.319
26.319
26.319
26.319
26.319
26.319
26.319
26.319
26.319
26.319
26.319
26.319
26.319
26.319
26.319
26.319
26.319
26.319
26.319
26.319
25.373
25.373
25.376
25.389
25.423
25.456
25.483
25.509
25.536
25.563
25.588
25.588
25.588
25.588
25.588
25.588
25.588
25.588
25.588
25.588
25.588
25.588
25.588
25.588
25.588
25.588
25.588
25.588
25.588
25.588
25.588
25.588
25.588
25.588
25.588
25.114
25.114
25.15
25.28
25.405
25.544
25.638
25.687
25.73
25.759
25.769
25.769
25.769
25.769
25.769
25.769
25.769
25.769
25.769
25.769
25.769
25.769
25.769
25.769
25.769
25.769
25.769
25.769
25.769
25.769
25.769
25.769
25.769
25.769
25.769
25.293
25.293
25.3
25.357
25.435
25.48
25.51
25.535
25.562
25.583
25.594
25.594
25.594
25.594
25.594
25.594
25.594
25.594
25.594
25.594
25.594
25.594
25.594
25.594
25.594
25.594
25.594
25.594
25.594
25.594
25.594
25.594
25.594
25.594
25.594
25.242
25.242
25.298
25.359
25.413
25.454
25.484
25.504
25.52
25.541
25.573
25.573
25.573
25.573
25.573
25.573
25.573
25.573
25.573
25.573
25.573
25.573
25.573
25.573
25.573
25.573
25.573
25.573
25.573
25.573
25.573
25.573
25.573
25.573
25.573
25.233
25.233
25.251
25.297
25.375
25.477
25.652
26.074
26.749
27.402
27.682
27.682
27.682
27.682
27.682
27.682
27.682
27.682
27.682
27.682
27.682
27.682
27.682
27.682
27.682
27.682
27.682
27.682
27.682
27.682
27.682
27.682
27.682
27.682
27.682
25.22
25.22
25.411
25.496
25.541
25.61
25.758
26.066
26.479
26.785
26.957
26.957
26.957
26.957
26.957
26.957
26.957
26.957
26.957
26.957
26.957
26.957
26.957
26.957
26.957
26.957
26.957
26.957
26.957
26.957
26.957
26.957
26.957
26.957
26.957
25.415
25.415
25.473
25.519
25.557
25.615
25.713
25.869
26.072
26.266
26.42
26.42
26.42
26.42
26.42
26.42
26.42
26.42
26.42
26.42
26.42
26.42
26.42
26.42
26.42
26.42
26.42
26.42
26.42
26.42
26.42
26.42
26.42
26.42
26.42
25.543
25.543
25.584
25.601
25.618
25.662
25.742
25.85
25.971
26.084
26.177
26.177
26.177
26.177
26.177
26.177
26.177
26.177
26.177
26.177
26.177
26.177
26.177
26.177
26.177
26.177
26.177
26.177
26.177
26.177
26.177
26.177
26.177
26.177
26.177
25.62
25.62
25.627
25.631
25.634
25.64
25.66
25.697
25.749
25.815
25.908
25.908
25.908
25.908
25.908
25.908
25.908
25.908
25.908
25.908
25.908
25.908
25.908
25.908
25.908
25.908
25.908
25.908
25.908
25.908
25.908
25.908
25.908
25.908
25.908
25.647
25.647
25.647
25.649
25.658
25.672
25.696
25.75
25.85
25.996
26.185
26.185
26.185
26.185
26.185
26.185
26.185
26.185
26.185
26.185
26.185
26.185
26.185
26.185
26.185
26.185
26.185
26.185
26.185
26.185
26.185
26.185
26.185
26.185
26.185
25.696
25.696
25.695
25.695
25.703
25.716
25.735
25.779
25.864
25.993
26.175
26.175
26.175
26.175
26.175
26.175
26.175
26.175
26.175
26.175
26.175
26.175
26.175
26.175
26.175
26.175
26.175
26.175
26.175
26.175
26.175
26.175
26.175
26.175
26.175
25.654
25.654
25.674
25.715
25.757
25.781
25.816
25.885
26.007
26.168
26.368
26.368
26.368
26.368
26.368
26.368
26.368
26.368
26.368
26.368
26.368
26.368
26.368
26.368
26.368
26.368
26.368
26.368
26.368
26.368
26.368
26.368
26.368
26.368
26.368
25.255
25.255
25.408
25.62
25.775
25.828
25.894
26.009
26.231
26.581
27.043
27.043
27.043
27.043
27.043
27.043
27.043
27.043
27.043
27.043
27.043
27.043
27.043
27.043
27.043
27.043
27.043
27.043
27.043
27.043
27.043
27.043
27.043
27.043
27.043
25.854
25.854
25.893
25.99
26.109
26.239
26.38
26.559
26.791
27.067
27.428
27.428
27.428
27.428
27.428
27.428
27.428
27.428
27.428
27.428
27.428
27.428
27.428
27.428
27.428
27.428
27.428
27.428
27.428
27.428
27.428
27.428
27.428
27.428
27.428
26.165
26.165
26.262
26.425
26.554
26.716
27.002
27.378
27.753
28.085
28.309
28.309
28.309
28.309
28.309
28.309
28.309
28.309
28.309
28.309
28.309
28.309
28.309
28.309
28.309
28.309
28.309
28.309
28.309
28.309
28.309
28.309
28.309
28.309
28.309
25.899
25.899
25.998
26.149
26.321
26.585
26.797
27.018
27.224
27.422
27.65
27.65
27.65
27.65
27.65
27.65
27.65
27.65
27.65
27.65
27.65
27.65
27.65
27.65
27.65
27.65
27.65
27.65
27.65
27.65
27.65
27.65
27.65
27.65
27.65
26.13
26.13
26.127
26.125
26.14
26.193
26.297
26.433
26.564
26.698
26.91
26.91
26.91
26.91
26.91
26.91
26.91
26.91
26.91
26.91
26.91
26.91
26.91
26.91
26.91
26.91
26.91
26.91
26.91
26.91
26.91
26.91
26.91
26.91
26.91
23.682
23.682
25.216
25.946
26.24
26.324
26.356
26.392
26.455
26.553
26.723
26.723
26.723
26.723
26.723
26.723
26.723
26.723
26.723
26.723
26.723
26.723
26.723
26.723
26.723
26.723
26.723
26.723
26.723
26.723
26.723
26.723
26.723
26.723
26.723
22.281
22.281
24.021
25.218
25.921
26.298
26.439
26.5
26.534
26.562
26.64
26.64
26.64
26.64
26.64
26.64
26.64
26.64
26.64
26.64
26.64
26.64
26.64
26.64
26.64
26.64
26.64
26.64
26.64
26.64
26.64
26.64
26.64
26.64
26.64
21.174
21.174
23.038
24.892
25.872
26.198
26.368
26.485
26.572
26.635
26.69
26.69
26.69
26.69
26.69
26.69
26.69
26.69
26.69
26.69
26.69
26.69
26.69
26.69
26.69
26.69
26.69
26.69
26.69
26.69
26.69
26.69
26.69
26.69
26.69
25.07
25.07
25.221
25.525
25.821
26.034
26.353
26.972
27.733
28.191
28.336
28.336
28.336
28.336
28.336
28.336
28.336
28.336
28.336
28.336
28.336
28.336
28.336
28.336
28.336
28.336
28.336
28.336
28.336
28.336
28.336
28.336
28.336
28.336
28.336
25.362
25.362
25.578
25.716
25.798
25.888
26.073
26.449
26.929
27.293
27.529
27.529
27.529
27.529
27.529
27.529
27.529
27.529
27.529
27.529
27.529
27.529
27.529
27.529
27.529
27.529
27.529
27.529
27.529
27.529
27.529
27.529
27.529
27.529
27.529
23.631
23.631
24.815
25.352
25.642
25.859
26.073
26.293
26.47
26.563
26.665
26.665
26.665
26.665
26.665
26.665
26.665
26.665
26.665
26.665
26.665
26.665
26.665
26.665
26.665
26.665
26.665
26.665
26.665
26.665
26.665
26.665
26.665
26.665
26.665
23.649
23.649
24.205
24.94
25.575
26.003
26.312
26.562
26.783
26.961
27.105
27.105
27.105
27.105
27.105
27.105
27.105
27.105
27.105
27.105
27.105
27.105
27.105
27.105
27.105
27.105
27.105
27.105
27.105
27.105
27.105
27.105
27.105
27.105
27.105
26.528
26.528
26.529
26.533
26.542
26.553
26.582
26.688
27.059
27.723
28.33
28.33
28.33
28.33
28.33
28.33
28.33
28.33
28.33
28.33
28.33
28.33
28.33
28.33
28.33
28.33
28.33
28.33
28.33
28.33
28.33
28.33
28.33
28.33
28.33
24.766
24.766
25.257
25.829
26.129
26.245
26.305
26.358
26.489
26.784
27.161
27.161
27.161
27.161
27.161
27.161
27.161
27.161
27.161
27.161
27.161
27.161
27.161
27.161
27.161
27.161
27.161
27.161
27.161
27.161
27.161
27.161
27.161
27.161
27.161
24.212
24.212
24.93
25.511
25.873
26.135
26.299
26.417
26.535
26.631
26.658
26.658
26.658
26.658
26.658
26.658
26.658
26.658
26.658
26.658
26.658
26.658
26.658
26.658
26.658
26.658
26.658
26.658
26.658
26.658
26.658
26.658
26.658
26.658
26.658
23.302
23.302
24.088
24.753
25.265
25.6
25.875
26.074
26.228
26.365
26.477
26.477
26.477
26.477
26.477
26.477
26.477
26.477
26.477
26.477
26.477
26.477
26.477
26.477
26.477
26.477
26.477
26.477
26.477
26.477
26.477
26.477
26.477
26.477
26.477
23.536
23.536
24.36
25.032
25.352
25.568
25.74
25.887
26.028
26.159
26.298
26.298
26.298
26.298
26.298
26.298
26.298
26.298
26.298
26.298
26.298
26.298
26.298
26.298
26.298
26.298
26.298
26.298
26.298
26.298
26.298
26.298
26.298
26.298
26.298
25.871
25.871
25.872
25.875
25.882
25.9
25.961
26.139
26.506
26.975
27.348
27.348
27.348
27.348
27.348
27.348
27.348
27.348
27.348
27.348
27.348
27.348
27.348
27.348
27.348
27.348
27.348
27.348
27.348
27.348
27.348
27.348
27.348
27.348
27.348
25.999
25.999
25.999
25.999
26
26.001
26.002
26.003
26.004
26.006
26.009
26.009
26.009
26.009
26.009
26.009
26.009
26.009
26.009
26.009
26.009
26.009
26.009
26.009
26.009
26.009
26.009
26.009
26.009
26.009
26.009
26.009
26.009
26.009
26.009
24.581
24.581
25.227
25.748
25.927
26.002
26.074
26.168
26.264
26.336
26.371
26.371
26.371
26.371
26.371
26.371
26.371
26.371
26.371
26.371
26.371
26.371
26.371
26.371
26.371
26.371
26.371
26.371
26.371
26.371
26.371
26.371
26.371
26.371
26.371
24.271
24.271
24.779
25.381
25.905
26.156
26.268
26.346
26.42
26.484
26.521
26.521
26.521
26.521
26.521
26.521
26.521
26.521
26.521
26.521
26.521
26.521
26.521
26.521
26.521
26.521
26.521
26.521
26.521
26.521
26.521
26.521
26.521
26.521
26.521
25.56
25.56
25.595
25.699
25.889
26.124
26.339
26.461
26.526
26.559
26.575
26.575
26.575
26.575
26.575
26.575
26.575
26.575
26.575
26.575
26.575
26.575
26.575
26.575
26.575
26.575
26.575
26.575
26.575
26.575
26.575
26.575
26.575
26.575
26.575
26.175
26.175
26.19
26.216
26.241
26.273
26.318
26.379
26.467
26.61
26.816
26.816
26.816
26.816
26.816
26.816
26.816
26.816
26.816
26.816
26.816
26.816
26.816
26.816
26.816
26.816
26.816
26.816
26.816
26.816
26.816
26.816
26.816
26.816
26.816
25.837
25.837
25.942
26.131
26.256
26.317
26.355
26.385
26.415
26.444
26.469
26.469
26.469
26.469
26.469
26.469
26.469
26.469
26.469
26.469
26.469
26.469
26.469
26.469
26.469
26.469
26.469
26.469
26.469
26.469
26.469
26.469
26.469
26.469
26.469
25.32
25.32
25.585
25.879
26.059
26.159
26.258
26.362
26.445
26.506
26.536
26.536
26.536
26.536
26.536
26.536
26.536
26.536
26.536
26.536
26.536
26.536
26.536
26.536
26.536
26.536
26.536
26.536
26.536
26.536
26.536
26.536
26.536
26.536
26.536
26.04
26.04
26.049
26.113
26.178
26.209
26.242
26.277
26.32
26.356
26.382
26.382
26.382
26.382
26.382
26.382
26.382
26.382
26.382
26.382
26.382
26.382
26.382
26.382
26.382
26.382
26.382
26.382
26.382
26.382
26.382
26.382
26.382
26.382
26.382
26.021
26.021
26.024
26.032
26.048
26.082
26.142
26.216
26.289
26.349
26.388
26.388
26.388
26.388
26.388
26.388
26.388
26.388
26.388
26.388
26.388
26.388
26.388
26.388
26.388
26.388
26.388
26.388
26.388
26.388
26.388
26.388
26.388
26.388
26.388
25.138
25.138
25.631
26.072
26.234
26.286
26.325
26.367
26.419
26.486
26.511
26.511
26.511
26.511
26.511
26.511
26.511
26.511
26.511
26.511
26.511
26.511
26.511
26.511
26.511
26.511
26.511
26.511
26.511
26.511
26.511
26.511
26.511
26.511
26.511
25.077
25.077
25.193
25.527
25.852
26.128
26.318
26.444
26.541
26.604
26.617
26.617
26.617
26.617
26.617
26.617
26.617
26.617
26.617
26.617
26.617
26.617
26.617
26.617
26.617
26.617
26.617
26.617
26.617
26.617
26.617
26.617
26.617
26.617
26.617
24.432
24.432
24.921
25.629
25.966
26.144
26.312
26.447
26.557
26.636
26.664
26.664
26.664
26.664
26.664
26.664
26.664
26.664
26.664
26.664
26.664
26.664
26.664
26.664
26.664
26.664
26.664
26.664
26.664
26.664
26.664
26.664
26.664
26.664
26.664
24.629
24.629
25.189
25.791
26.16
26.354
26.498
26.627
26.765
26.884
26.937
26.937
26.937
26.937
26.937
26.937
26.937
26.937
26.937
26.937
26.937
26.937
26.937
26.937
26.937
26.937
26.937
26.937
26.937
26.937
26.937
26.937
26.937
26.937
26.937
25.744
25.744
25.858
26.093
26.403
26.62
26.81
27.011
27.27
27.562
27.793
27.793
27.793
27.793
27.793
27.793
27.793
27.793
27.793
27.793
27.793
27.793
27.793
27.793
27.793
27.793
27.793
27.793
27.793
27.793
27.793
27.793
27.793
27.793
27.793
25.632
25.632
25.944
26.187
26.321
26.426
26.596
26.785
26.962
27.134
27.318
27.318
27.318
27.318
27.318
27.318
27.318
27.318
27.318
27.318
27.318
27.318
27.318
27.318
27.318
27.318
27.318
27.318
27.318
27.318
27.318
27.318
27.318
27.318
27.318
24.373
24.373
25.235
25.691
25.947
26.117
26.252
26.357
26.458
26.561
26.686
26.686
26.686
26.686
26.686
26.686
26.686
26.686
26.686
26.686
26.686
26.686
26.686
26.686
26.686
26.686
26.686
26.686
26.686
26.686
26.686
26.686
26.686
26.686
26.686
23.71
23.71
24.663
25.604
26.01
26.17
26.292
26.421
26.58
26.768
27.026
27.026
27.026
27.026
27.026
27.026
27.026
27.026
27.026
27.026
27.026
27.026
27.026
27.026
27.026
27.026
27.026
27.026
27.026
27.026
27.026
27.026
27.026
27.026
27.026
22.686
22.686
23.6
24.687
25.422
25.878
26.179
26.391
26.591
26.843
27.196
27.196
27.196
27.196
27.196
27.196
27.196
27.196
27.196
27.196
27.196
27.196
27.196
27.196
27.196
27.196
27.196
27.196
27.196
27.196
27.196
27.196
27.196
27.196
27.196
22.538
22.538
23.425
24.573
25.365
25.816
26.144
26.404
26.659
26.919
27.219
27.219
27.219
27.219
27.219
27.219
27.219
27.219
27.219
27.219
27.219
27.219
27.219
27.219
27.219
27.219
27.219
27.219
27.219
27.219
27.219
27.219
27.219
27.219
27.219
25.463
25.463
25.488
25.73
26.202
26.498
26.801
27.204
27.657
27.983
28.149
28.149
28.149
28.149
28.149
28.149
28.149
28.149
28.149
28.149
28.149
28.149
28.149
28.149
28.149
28.149
28.149
28.149
28.149
28.149
28.149
28.149
28.149
28.149
28.149
26.666
26.666
26.692
26.735
26.798
26.894
27.017
27.271
27.855
28.391
28.575
28.575
28.575
28.575
28.575
28.575
28.575
28.575
28.575
28.575
28.575
28.575
28.575
28.575
28.575
28.575
28.575
28.575
28.575
28.575
28.575
28.575
28.575
28.575
28.575
26.17
26.17
26.239
26.327
26.443
26.609
26.845
27.056
27.259
27.452
27.691
27.691
27.691
27.691
27.691
27.691
27.691
27.691
27.691
27.691
27.691
27.691
27.691
27.691
27.691
27.691
27.691
27.691
27.691
27.691
27.691
27.691
27.691
27.691
27.691
25.983
25.983
26.106
26.316
26.53
26.681
26.788
26.88
26.971
27.058
27.167
27.167
27.167
27.167
27.167
27.167
27.167
27.167
27.167
27.167
27.167
27.167
27.167
27.167
27.167
27.167
27.167
27.167
27.167
27.167
27.167
27.167
27.167
27.167
27.167
26.575
26.575
26.581
26.589
26.6
26.628
26.676
26.726
26.778
26.833
26.894
26.894
26.894
26.894
26.894
26.894
26.894
26.894
26.894
26.894
26.894
26.894
26.894
26.894
26.894
26.894
26.894
26.894
26.894
26.894
26.894
26.894
26.894
26.894
26.894
26.597
26.597
26.598
26.601
26.608
26.615
26.618
26.62
26.626
26.643
26.672
26.672
26.672
26.672
26.672
26.672
26.672
26.672
26.672
26.672
26.672
26.672
26.672
26.672
26.672
26.672
26.672
26.672
26.672
26.672
26.672
26.672
26.672
26.672
26.672
26.679
26.679
26.681
26.686
26.702
26.731
26.768
26.856
27.053
27.304
27.508
27.508
27.508
27.508
27.508
27.508
27.508
27.508
27.508
27.508
27.508
27.508
27.508
27.508
27.508
27.508
27.508
27.508
27.508
27.508
27.508
27.508
27.508
27.508
27.508
26.62
26.62
26.637
26.687
26.764
26.827
26.869
26.896
26.913
26.921
26.925
26.925
26.925
26.925
26.925
26.925
26.925
26.925
26.925
26.925
26.925
26.925
26.925
26.925
26.925
26.925
26.925
26.925
26.925
26.925
26.925
26.925
26.925
26.925
26.925
26.297
26.297
26.4
26.569
26.718
26.798
26.833
26.854
26.877
26.906
26.943
26.943
26.943
26.943
26.943
26.943
26.943
26.943
26.943
26.943
26.943
26.943
26.943
26.943
26.943
26.943
26.943
26.943
26.943
26.943
26.943
26.943
26.943
26.943
26.943
26.73
26.73
26.731
26.745
26.766
26.783
26.798
26.814
26.841
26.874
26.895
26.895
26.895
26.895
26.895
26.895
26.895
26.895
26.895
26.895
26.895
26.895
26.895
26.895
26.895
26.895
26.895
26.895
26.895
26.895
26.895
26.895
26.895
26.895
26.895
26.549
26.549
26.632
26.717
26.759
26.768
26.77
26.77
26.77
26.77
26.771
26.771
26.771
26.771
26.771
26.771
26.771
26.771
26.771
26.771
26.771
26.771
26.771
26.771
26.771
26.771
26.771
26.771
26.771
26.771
26.771
26.771
26.771
26.771
26.771
25.381
25.381
25.55
25.923
26.357
26.686
26.918
27.144
27.494
27.765
27.825
27.825
27.825
27.825
27.825
27.825
27.825
27.825
27.825
27.825
27.825
27.825
27.825
27.825
27.825
27.825
27.825
27.825
27.825
27.825
27.825
27.825
27.825
27.825
27.825
25.624
25.624
25.809
26.163
26.437
26.583
26.835
27.513
28.337
28.816
29.185
29.185
29.185
29.185
29.185
29.185
29.185
29.185
29.185
29.185
29.185
29.185
29.185
29.185
29.185
29.185
29.185
29.185
29.185
29.185
29.185
29.185
29.185
29.185
29.185
26.974
26.974
26.977
26.99
27.033
27.087
27.167
27.291
27.475
27.657
27.834
27.834
27.834
27.834
27.834
27.834
27.834
27.834
27.834
27.834
27.834
27.834
27.834
27.834
27.834
27.834
27.834
27.834
27.834
27.834
27.834
27.834
27.834
27.834
27.834
26.71
26.71
26.811
26.939
27.039
27.108
27.169
27.215
27.238
27.247
27.25
27.25
27.25
27.25
27.25
27.25
27.25
27.25
27.25
27.25
27.25
27.25
27.25
27.25
27.25
27.25
27.25
27.25
27.25
27.25
27.25
27.25
27.25
27.25
27.25
26.283
26.283
26.486
26.739
26.897
26.983
27.069
27.152
27.188
27.202
27.206
27.206
27.206
27.206
27.206
27.206
27.206
27.206
27.206
27.206
27.206
27.206
27.206
27.206
27.206
27.206
27.206
27.206
27.206
27.206
27.206
27.206
27.206
27.206
27.206
26.733
26.733
26.747
26.784
26.827
26.889
26.995
27.1
27.173
27.21
27.226
27.226
27.226
27.226
27.226
27.226
27.226
27.226
27.226
27.226
27.226
27.226
27.226
27.226
27.226
27.226
27.226
27.226
27.226
27.226
27.226
27.226
27.226
27.226
27.226
26.245
26.245
26.429
26.572
26.662
26.741
26.828
26.916
27.009
27.096
27.173
27.173
27.173
27.173
27.173
27.173
27.173
27.173
27.173
27.173
27.173
27.173
27.173
27.173
27.173
27.173
27.173
27.173
27.173
27.173
27.173
27.173
27.173
27.173
27.173
26.445
26.445
26.476
26.54
26.619
26.726
26.879
27.043
27.189
27.282
27.337
27.337
27.337
27.337
27.337
27.337
27.337
27.337
27.337
27.337
27.337
27.337
27.337
27.337
27.337
27.337
27.337
27.337
27.337
27.337
27.337
27.337
27.337
27.337
27.337
26.839
26.839
26.911
27.005
27.119
27.206
27.283
27.385
27.526
27.662
27.758
27.758
27.758
27.758
27.758
27.758
27.758
27.758
27.758
27.758
27.758
27.758
27.758
27.758
27.758
27.758
27.758
27.758
27.758
27.758
27.758
27.758
27.758
27.758
27.758
25.411
25.411
26.118
26.878
27.212
27.312
27.358
27.403
27.444
27.474
27.489
27.489
27.489
27.489
27.489
27.489
27.489
27.489
27.489
27.489
27.489
27.489
27.489
27.489
27.489
27.489
27.489
27.489
27.489
27.489
27.489
27.489
27.489
27.489
27.489
27.061
27.061
27.07
27.096
27.147
27.197
27.235
27.262
27.28
27.291
27.3
27.3
27.3
27.3
27.3
27.3
27.3
27.3
27.3
27.3
27.3
27.3
27.3
27.3
27.3
27.3
27.3
27.3
27.3
27.3
27.3
27.3
27.3
27.3
27.3
26.653
26.653
26.712
26.811
26.936
27.013
27.074
27.146
27.216
27.269
27.297
27.297
27.297
27.297
27.297
27.297
27.297
27.297
27.297
27.297
27.297
27.297
27.297
27.297
27.297
27.297
27.297
27.297
27.297
27.297
27.297
27.297
27.297
27.297
27.297
25.017
25.017
26.063
26.835
27.181
27.297
27.399
27.491
27.559
27.595
27.614
27.614
27.614
27.614
27.614
27.614
27.614
27.614
27.614
27.614
27.614
27.614
27.614
27.614
27.614
27.614
27.614
27.614
27.614
27.614
27.614
27.614
27.614
27.614
27.614
26.522
26.522
26.613
26.755
26.979
27.248
27.455
27.595
27.679
27.721
27.736
27.736
27.736
27.736
27.736
27.736
27.736
27.736
27.736
27.736
27.736
27.736
27.736
27.736
27.736
27.736
27.736
27.736
27.736
27.736
27.736
27.736
27.736
27.736
27.736
26.564
26.564
26.767
27.002
27.19
27.315
27.433
27.527
27.598
27.651
27.7
27.7
27.7
27.7
27.7
27.7
27.7
27.7
27.7
27.7
27.7
27.7
27.7
27.7
27.7
27.7
27.7
27.7
27.7
27.7
27.7
27.7
27.7
27.7
27.7
26.83
26.83
26.873
26.988
27.16
27.318
27.441
27.532
27.604
27.657
27.699
27.699
27.699
27.699
27.699
27.699
27.699
27.699
27.699
27.699
27.699
27.699
27.699
27.699
27.699
27.699
27.699
27.699
27.699
27.699
27.699
27.699
27.699
27.699
27.699
27.008
27.008
27.123
27.204
27.259
27.356
27.499
27.65
27.783
27.905
27.995
27.995
27.995
27.995
27.995
27.995
27.995
27.995
27.995
27.995
27.995
27.995
27.995
27.995
27.995
27.995
27.995
27.995
27.995
27.995
27.995
27.995
27.995
27.995
27.995
27.18
27.18
27.207
27.241
27.278
27.342
27.439
27.537
27.627
27.711
27.803
27.803
27.803
27.803
27.803
27.803
27.803
27.803
27.803
27.803
27.803
27.803
27.803
27.803
27.803
27.803
27.803
27.803
27.803
27.803
27.803
27.803
27.803
27.803
27.803
27.162
27.162
27.164
27.174
27.194
27.222
27.263
27.307
27.345
27.375
27.414
27.414
27.414
27.414
27.414
27.414
27.414
27.414
27.414
27.414
27.414
27.414
27.414
27.414
27.414
27.414
27.414
27.414
27.414
27.414
27.414
27.414
27.414
27.414
27.414
27.101
27.101
27.108
27.126
27.166
27.235
27.322
27.421
27.544
27.673
27.786
27.786
27.786
27.786
27.786
27.786
27.786
27.786
27.786
27.786
27.786
27.786
27.786
27.786
27.786
27.786
27.786
27.786
27.786
27.786
27.786
27.786
27.786
27.786
27.786
26.958
26.958
27.076
27.157
27.224
27.377
27.542
27.759
28.054
28.406
28.724
28.724
28.724
28.724
28.724
28.724
28.724
28.724
28.724
28.724
28.724
28.724
28.724
28.724
28.724
28.724
28.724
28.724
28.724
28.724
28.724
28.724
28.724
28.724
28.724
27.294
27.294
27.294
27.296
27.306
27.327
27.355
27.394
27.449
27.512
27.619
27.619
27.619
27.619
27.619
27.619
27.619
27.619
27.619
27.619
27.619
27.619
27.619
27.619
27.619
27.619
27.619
27.619
27.619
27.619
27.619
27.619
27.619
27.619
27.619
27.295
27.295
27.295
27.295
27.295
27.294
27.294
27.293
27.293
27.292
27.291
27.291
27.291
27.291
27.291
27.291
27.291
27.291
27.291
27.291
27.291
27.291
27.291
27.291
27.291
27.291
27.291
27.291
27.291
27.291
27.291
27.291
27.291
27.291
27.291
27.132
27.132
27.204
27.257
27.289
27.304
27.31
27.313
27.314
27.314
27.314
27.314
27.314
27.314
27.314
27.314
27.314
27.314
27.314
27.314
27.314
27.314
27.314
27.314
27.314
27.314
27.314
27.314
27.314
27.314
27.314
27.314
27.314
27.314
27.314
27.179
27.179
27.229
27.305
27.372
27.411
27.432
27.448
27.462
27.475
27.481
27.481
27.481
27.481
27.481
27.481
27.481
27.481
27.481
27.481
27.481
27.481
27.481
27.481
27.481
27.481
27.481
27.481
27.481
27.481
27.481
27.481
27.481
27.481
27.481
26.896
26.896
26.908
26.94
27
27.115
27.318
27.703
28.322
28.814
28.972
28.972
28.972
28.972
28.972
28.972
28.972
28.972
28.972
28.972
28.972
28.972
28.972
28.972
28.972
28.972
28.972
28.972
28.972
28.972
28.972
28.972
28.972
28.972
28.972
24.181
24.181
26.208
26.955
27.197
27.35
27.645
28.223
28.804
29.161
29.391
29.391
29.391
29.391
29.391
29.391
29.391
29.391
29.391
29.391
29.391
29.391
29.391
29.391
29.391
29.391
29.391
29.391
29.391
29.391
29.391
29.391
29.391
29.391
29.391
22.636
22.636
25.311
26.563
27.17
27.553
27.853
28.142
28.403
28.583
28.807
28.807
28.807
28.807
28.807
28.807
28.807
28.807
28.807
28.807
28.807
28.807
28.807
28.807
28.807
28.807
28.807
28.807
28.807
28.807
28.807
28.807
28.807
28.807
28.807
23.715
23.715
25.383
26.552
27.172
27.585
27.887
28.104
28.294
28.467
28.677
28.677
28.677
28.677
28.677
28.677
28.677
28.677
28.677
28.677
28.677
28.677
28.677
28.677
28.677
28.677
28.677
28.677
28.677
28.677
28.677
28.677
28.677
28.677
28.677
24.1
24.1
25.552
26.422
26.887
27.163
27.377
27.561
27.736
27.902
28.051
28.051
28.051
28.051
28.051
28.051
28.051
28.051
28.051
28.051
28.051
28.051
28.051
28.051
28.051
28.051
28.051
28.051
28.051
28.051
28.051
28.051
28.051
28.051
28.051
25.151
25.151
25.367
25.769
26.367
26.892
27.207
27.458
27.716
27.929
28.063
28.063
28.063
28.063
28.063
28.063
28.063
28.063
28.063
28.063
28.063
28.063
28.063
28.063
28.063
28.063
28.063
28.063
28.063
28.063
28.063
28.063
28.063
28.063
28.063
27.349
27.349
27.351
27.353
27.361
27.399
27.48
27.639
27.934
28.222
28.407
28.407
28.407
28.407
28.407
28.407
28.407
28.407
28.407
28.407
28.407
28.407
28.407
28.407
28.407
28.407
28.407
28.407
28.407
28.407
28.407
28.407
28.407
28.407
28.407
27.075
27.075
27.076
27.078
27.08
27.084
27.09
27.098
27.11
27.124
27.148
27.148
27.148
27.148
27.148
27.148
27.148
27.148
27.148
27.148
27.148
27.148
27.148
27.148
27.148
27.148
27.148
27.148
27.148
27.148
27.148
27.148
27.148
27.148
27.148
26.24
26.24
26.294
26.454
26.651
26.797
26.927
27.051
27.162
27.245
27.317
27.317
27.317
27.317
27.317
27.317
27.317
27.317
27.317
27.317
27.317
27.317
27.317
27.317
27.317
27.317
27.317
27.317
27.317
27.317
27.317
27.317
27.317
27.317
27.317
25.801
25.801
26.503
26.947
27.099
27.231
27.393
27.54
27.641
27.689
27.705
27.705
27.705
27.705
27.705
27.705
27.705
27.705
27.705
27.705
27.705
27.705
27.705
27.705
27.705
27.705
27.705
27.705
27.705
27.705
27.705
27.705
27.705
27.705
27.705
25.48
25.48
26.034
26.622
27.052
27.26
27.4
27.513
27.624
27.72
27.765
27.765
27.765
27.765
27.765
27.765
27.765
27.765
27.765
27.765
27.765
27.765
27.765
27.765
27.765
27.765
27.765
27.765
27.765
27.765
27.765
27.765
27.765
27.765
27.765
24.414
24.414
25.717
26.345
26.621
26.882
27.179
27.4
27.574
27.702
27.763
27.763
27.763
27.763
27.763
27.763
27.763
27.763
27.763
27.763
27.763
27.763
27.763
27.763
27.763
27.763
27.763
27.763
27.763
27.763
27.763
27.763
27.763
27.763
27.763
24.452
24.452
25.072
25.812
26.338
26.713
27.011
27.241
27.442
27.61
27.673
27.673
27.673
27.673
27.673
27.673
27.673
27.673
27.673
27.673
27.673
27.673
27.673
27.673
27.673
27.673
27.673
27.673
27.673
27.673
27.673
27.673
27.673
27.673
27.673
25.854
25.854
26.216
26.578
26.839
27.008
27.156
27.291
27.46
27.662
27.746
27.746
27.746
27.746
27.746
27.746
27.746
27.746
27.746
27.746
27.746
27.746
27.746
27.746
27.746
27.746
27.746
27.746
27.746
27.746
27.746
27.746
27.746
27.746
27.746
26.113
26.113
26.334
26.589
26.902
27.209
27.423
27.599
27.8
28.068
28.296
28.296
28.296
28.296
28.296
28.296
28.296
28.296
28.296
28.296
28.296
28.296
28.296
28.296
28.296
28.296
28.296
28.296
28.296
28.296
28.296
28.296
28.296
28.296
28.296
22.993
22.993
25.447
26.509
26.921
27.195
27.441
27.652
27.85
28.052
28.24
28.24
28.24
28.24
28.24
28.24
28.24
28.24
28.24
28.24
28.24
28.24
28.24
28.24
28.24
28.24
28.24
28.24
28.24
28.24
28.24
28.24
28.24
28.24
28.24
22.033
22.033
24.901
26.443
26.993
27.32
27.584
27.778
27.931
28.076
28.195
28.195
28.195
28.195
28.195
28.195
28.195
28.195
28.195
28.195
28.195
28.195
28.195
28.195
28.195
28.195
28.195
28.195
28.195
28.195
28.195
28.195
28.195
28.195
28.195
21.507
21.507
24.46
26.394
27.077
27.373
27.602
27.776
27.908
28.024
28.119
28.119
28.119
28.119
28.119
28.119
28.119
28.119
28.119
28.119
28.119
28.119
28.119
28.119
28.119
28.119
28.119
28.119
28.119
28.119
28.119
28.119
28.119
28.119
28.119
23.66
23.66
24.883
26.29
27.032
27.354
27.579
27.754
27.903
28.024
28.096
28.096
28.096
28.096
28.096
28.096
28.096
28.096
28.096
28.096
28.096
28.096
28.096
28.096
28.096
28.096
28.096
28.096
28.096
28.096
28.096
28.096
28.096
28.096
28.096
23.364
23.364
24.8
25.999
26.822
27.283
27.576
27.8
27.999
28.166
28.261
28.261
28.261
28.261
28.261
28.261
28.261
28.261
28.261
28.261
28.261
28.261
28.261
28.261
28.261
28.261
28.261
28.261
28.261
28.261
28.261
28.261
28.261
28.261
28.261
21.661
21.661
24.342
25.964
26.728
27.17
27.495
27.738
27.926
28.073
28.188
28.188
28.188
28.188
28.188
28.188
28.188
28.188
28.188
28.188
28.188
28.188
28.188
28.188
28.188
28.188
28.188
28.188
28.188
28.188
28.188
28.188
28.188
28.188
28.188
21.116
21.116
23.631
25.645
26.619
27.093
27.391
27.596
27.749
27.862
27.961
27.961
27.961
27.961
27.961
27.961
27.961
27.961
27.961
27.961
27.961
27.961
27.961
27.961
27.961
27.961
27.961
27.961
27.961
27.961
27.961
27.961
27.961
27.961
27.961
22.699
22.699
24.247
25.605
26.5
27
27.284
27.466
27.623
27.767
27.856
27.856
27.856
27.856
27.856
27.856
27.856
27.856
27.856
27.856
27.856
27.856
27.856
27.856
27.856
27.856
27.856
27.856
27.856
27.856
27.856
27.856
27.856
27.856
27.856
23.156
23.156
24.511
25.747
26.522
26.897
27.165
27.434
27.674
27.834
27.891
27.891
27.891
27.891
27.891
27.891
27.891
27.891
27.891
27.891
27.891
27.891
27.891
27.891
27.891
27.891
27.891
27.891
27.891
27.891
27.891
27.891
27.891
27.891
27.891
20.077
20.077
23.234
25.471
26.297
26.745
27.163
27.531
27.869
28.105
28.155
28.155
28.155
28.155
28.155
28.155
28.155
28.155
28.155
28.155
28.155
28.155
28.155
28.155
28.155
28.155
28.155
28.155
28.155
28.155
28.155
28.155
28.155
28.155
28.155
23.906
23.906
24.436
25.233
25.89
26.374
26.776
27.073
27.268
27.365
27.39
27.39
27.39
27.39
27.39
27.39
27.39
27.39
27.39
27.39
27.39
27.39
27.39
27.39
27.39
27.39
27.39
27.39
27.39
27.39
27.39
27.39
27.39
27.39
27.39
26.227
26.227
26.228
26.231
26.239
26.267
26.343
26.467
26.623
26.877
27.12
27.12
27.12
27.12
27.12
27.12
27.12
27.12
27.12
27.12
27.12
27.12
27.12
27.12
27.12
27.12
27.12
27.12
27.12
27.12
27.12
27.12
27.12
27.12
27.12
27.231
27.231
27.231
27.231
27.231
27.231
27.231
27.231
27.231
27.231
27.231
27.231
27.231
27.231
27.231
27.231
27.231
27.231
27.231
27.231
27.231
27.231
27.231
27.231
27.231
27.231
27.231
27.231
27.231
27.231
27.231
27.231
27.231
27.231
27.231
25.968
25.968
26.161
26.272
26.352
26.436
26.533
26.664
26.823
26.946
27.023
27.023
27.023
27.023
27.023
27.023
27.023
27.023
27.023
27.023
27.023
27.023
27.023
27.023
27.023
27.023
27.023
27.023
27.023
27.023
27.023
27.023
27.023
27.023
27.023
24.662
24.662
25.314
25.722
25.884
25.98
26.071
26.155
26.25
26.371
26.47
26.47
26.47
26.47
26.47
26.47
26.47
26.47
26.47
26.47
26.47
26.47
26.47
26.47
26.47
26.47
26.47
26.47
26.47
26.47
26.47
26.47
26.47
26.47
26.47
25.426
25.426
25.605
25.724
25.791
25.818
25.844
25.884
25.936
25.99
26.031
26.031
26.031
26.031
26.031
26.031
26.031
26.031
26.031
26.031
26.031
26.031
26.031
26.031
26.031
26.031
26.031
26.031
26.031
26.031
26.031
26.031
26.031
26.031
26.031
25.718
25.718
25.743
25.75
25.752
25.753
25.754
25.756
25.758
25.761
25.769
25.769
25.769
25.769
25.769
25.769
25.769
25.769
25.769
25.769
25.769
25.769
25.769
25.769
25.769
25.769
25.769
25.769
25.769
25.769
25.769
25.769
25.769
25.769
25.769
24.79
24.79
25.37
25.734
25.834
25.872
25.902
25.943
26.048
26.262
26.463
26.463
26.463
26.463
26.463
26.463
26.463
26.463
26.463
26.463
26.463
26.463
26.463
26.463
26.463
26.463
26.463
26.463
26.463
26.463
26.463
26.463
26.463
26.463
26.463
24.354
24.354
24.904
25.394
25.678
25.881
26.063
26.223
26.432
26.764
27.259
27.259
27.259
27.259
27.259
27.259
27.259
27.259
27.259
27.259
27.259
27.259
27.259
27.259
27.259
27.259
27.259
27.259
27.259
27.259
27.259
27.259
27.259
27.259
27.259
24.361
24.361
24.642
25.014
25.358
25.656
25.919
26.145
26.358
26.569
26.838
26.838
26.838
26.838
26.838
26.838
26.838
26.838
26.838
26.838
26.838
26.838
26.838
26.838
26.838
26.838
26.838
26.838
26.838
26.838
26.838
26.838
26.838
26.838
26.838
24.782
24.782
24.859
25.061
25.301
25.545
25.774
25.985
26.18
26.364
26.567
26.567
26.567
26.567
26.567
26.567
26.567
26.567
26.567
26.567
26.567
26.567
26.567
26.567
26.567
26.567
26.567
26.567
26.567
26.567
26.567
26.567
26.567
26.567
26.567
23.675
23.675
24.574
25.143
25.463
25.729
26
26.261
26.522
26.773
26.95
26.95
26.95
26.95
26.95
26.95
26.95
26.95
26.95
26.95
26.95
26.95
26.95
26.95
26.95
26.95
26.95
26.95
26.95
26.95
26.95
26.95
26.95
26.95
26.95
21.884
21.884
24.001
25.101
25.613
25.922
26.181
26.407
26.627
26.846
27.057
27.057
27.057
27.057
27.057
27.057
27.057
27.057
27.057
27.057
27.057
27.057
27.057
27.057
27.057
27.057
27.057
27.057
27.057
27.057
27.057
27.057
27.057
27.057
27.057
20.902
20.902
23.433
24.978
25.669
26.034
26.295
26.497
26.682
26.862
27.035
27.035
27.035
27.035
27.035
27.035
27.035
27.035
27.035
27.035
27.035
27.035
27.035
27.035
27.035
27.035
27.035
27.035
27.035
27.035
27.035
27.035
27.035
27.035
27.035
21.544
21.544
23.214
24.593
25.487
25.994
26.299
26.517
26.705
26.877
27.056
27.056
27.056
27.056
27.056
27.056
27.056
27.056
27.056
27.056
27.056
27.056
27.056
27.056
27.056
27.056
27.056
27.056
27.056
27.056
27.056
27.056
27.056
27.056
27.056
25.255
25.255
25.42
25.756
26.165
26.494
26.774
27.043
27.35
27.756
28.11
28.11
28.11
28.11
28.11
28.11
28.11
28.11
28.11
28.11
28.11
28.11
28.11
28.11
28.11
28.11
28.11
28.11
28.11
28.11
28.11
28.11
28.11
28.11
28.11
26.091
26.091
26.267
26.399
26.46
26.537
26.677
26.878
27.252
27.836
28.213
28.213
28.213
28.213
28.213
28.213
28.213
28.213
28.213
28.213
28.213
28.213
28.213
28.213
28.213
28.213
28.213
28.213
28.213
28.213
28.213
28.213
28.213
28.213
28.213
25.642
25.642
26.038
26.289
26.432
26.542
26.647
26.746
26.819
26.874
27.008
27.008
27.008
27.008
27.008
27.008
27.008
27.008
27.008
27.008
27.008
27.008
27.008
27.008
27.008
27.008
27.008
27.008
27.008
27.008
27.008
27.008
27.008
27.008
27.008
25.928
25.928
25.967
26.065
26.132
26.169
26.188
26.198
26.214
26.236
26.282
26.282
26.282
26.282
26.282
26.282
26.282
26.282
26.282
26.282
26.282
26.282
26.282
26.282
26.282
26.282
26.282
26.282
26.282
26.282
26.282
26.282
26.282
26.282
26.282
26.097
26.097
26.097
26.096
26.095
26.094
26.092
26.09
26.087
26.085
26.084
26.084
26.084
26.084
26.084
26.084
26.084
26.084
26.084
26.084
26.084
26.084
26.084
26.084
26.084
26.084
26.084
26.084
26.084
26.084
26.084
26.084
26.084
26.084
26.084
25.042
25.042
25.445
25.814
26.002
26.079
26.116
26.139
26.155
26.176
26.221
26.221
26.221
26.221
26.221
26.221
26.221
26.221
26.221
26.221
26.221
26.221
26.221
26.221
26.221
26.221
26.221
26.221
26.221
26.221
26.221
26.221
26.221
26.221
26.221
22.641
22.641
24.398
25.562
25.969
26.103
26.222
26.542
27.309
28.15
28.605
28.605
28.605
28.605
28.605
28.605
28.605
28.605
28.605
28.605
28.605
28.605
28.605
28.605
28.605
28.605
28.605
28.605
28.605
28.605
28.605
28.605
28.605
28.605
28.605
20.759
20.759
23.568
25.152
25.768
26.066
26.369
26.773
27.264
27.575
27.804
27.804
27.804
27.804
27.804
27.804
27.804
27.804
27.804
27.804
27.804
27.804
27.804
27.804
27.804
27.804
27.804
27.804
27.804
27.804
27.804
27.804
27.804
27.804
27.804
20.849
20.849
23.807
25.307
25.84
26.132
26.422
26.709
26.983
27.216
27.369
27.369
27.369
27.369
27.369
27.369
27.369
27.369
27.369
27.369
27.369
27.369
27.369
27.369
27.369
27.369
27.369
27.369
27.369
27.369
27.369
27.369
27.369
27.369
27.369
23.007
23.007
23.747
24.825
25.586
25.973
26.229
26.446
26.653
26.833
26.986
26.986
26.986
26.986
26.986
26.986
26.986
26.986
26.986
26.986
26.986
26.986
26.986
26.986
26.986
26.986
26.986
26.986
26.986
26.986
26.986
26.986
26.986
26.986
26.986
21.817
21.817
23.169
24.414
25.261
25.732
26.053
26.285
26.481
26.664
26.845
26.845
26.845
26.845
26.845
26.845
26.845
26.845
26.845
26.845
26.845
26.845
26.845
26.845
26.845
26.845
26.845
26.845
26.845
26.845
26.845
26.845
26.845
26.845
26.845
22.549
22.549
23.522
24.531
25.268
25.774
26.134
26.416
26.667
26.881
27.068
27.068
27.068
27.068
27.068
27.068
27.068
27.068
27.068
27.068
27.068
27.068
27.068
27.068
27.068
27.068
27.068
27.068
27.068
27.068
27.068
27.068
27.068
27.068
27.068
23.186
23.186
23.916
24.843
25.481
25.928
26.465
27.084
27.687
28.107
28.194
28.194
28.194
28.194
28.194
28.194
28.194
28.194
28.194
28.194
28.194
28.194
28.194
28.194
28.194
28.194
28.194
28.194
28.194
28.194
28.194
28.194
28.194
28.194
28.194
23.413
23.413
24.024
24.57
25.154
25.698
26.223
26.679
26.983
27.124
27.197
27.197
27.197
27.197
27.197
27.197
27.197
27.197
27.197
27.197
27.197
27.197
27.197
27.197
27.197
27.197
27.197
27.197
27.197
27.197
27.197
27.197
27.197
27.197
27.197
23.425
23.425
23.907
24.415
24.719
24.925
25.109
25.244
25.349
25.456
25.578
25.578
25.578
25.578
25.578
25.578
25.578
25.578
25.578
25.578
25.578
25.578
25.578
25.578
25.578
25.578
25.578
25.578
25.578
25.578
25.578
25.578
25.578
25.578
25.578
24.504
24.504
24.731
25.006
25.146
25.216
25.258
25.287
25.304
25.315
25.329
25.329
25.329
25.329
25.329
25.329
25.329
25.329
25.329
25.329
25.329
25.329
25.329
25.329
25.329
25.329
25.329
25.329
25.329
25.329
25.329
25.329
25.329
25.329
25.329
25.54
25.54
25.54
25.54
25.54
25.54
25.54
25.54
25.54
25.54
25.539
25.539
25.539
25.539
25.539
25.539
25.539
25.539
25.539
25.539
25.539
25.539
25.539
25.539
25.539
25.539
25.539
25.539
25.539
25.539
25.539
25.539
25.539
25.539
25.539
23.638
23.638
23.867
24.353
24.774
25.07
25.27
25.402
25.499
25.579
25.681
25.681
25.681
25.681
25.681
25.681
25.681
25.681
25.681
25.681
25.681
25.681
25.681
25.681
25.681
25.681
25.681
25.681
25.681
25.681
25.681
25.681
25.681
25.681
25.681
23.894
23.894
24.018
24.246
24.554
24.839
25.121
25.477
25.931
26.448
27.064
27.064
27.064
27.064
27.064
27.064
27.064
27.064
27.064
27.064
27.064
27.064
27.064
27.064
27.064
27.064
27.064
27.064
27.064
27.064
27.064
27.064
27.064
27.064
27.064
23.348
23.348
23.673
23.968
24.263
24.672
25.175
25.712
26.232
26.726
27.248
27.248
27.248
27.248
27.248
27.248
27.248
27.248
27.248
27.248
27.248
27.248
27.248
27.248
27.248
27.248
27.248
27.248
27.248
27.248
27.248
27.248
27.248
27.248
27.248
23.224
23.224
23.477
24.016
24.556
25.058
25.572
26.041
26.423
26.75
27.019
27.019
27.019
27.019
27.019
27.019
27.019
27.019
27.019
27.019
27.019
27.019
27.019
27.019
27.019
27.019
27.019
27.019
27.019
27.019
27.019
27.019
27.019
27.019
27.019
23.574
23.574
23.738
24.228
24.832
25.345
25.793
26.16
26.439
26.636
26.762
26.762
26.762
26.762
26.762
26.762
26.762
26.762
26.762
26.762
26.762
26.762
26.762
26.762
26.762
26.762
26.762
26.762
26.762
26.762
26.762
26.762
26.762
26.762
26.762
23.878
23.878
24.038
24.44
24.948
25.426
25.83
26.14
26.373
26.545
26.673
26.673
26.673
26.673
26.673
26.673
26.673
26.673
26.673
26.673
26.673
26.673
26.673
26.673
26.673
26.673
26.673
26.673
26.673
26.673
26.673
26.673
26.673
26.673
26.673
23.642
23.642
24.013
24.445
24.929
25.406
25.81
26.105
26.314
26.472
26.594
26.594
26.594
26.594
26.594
26.594
26.594
26.594
26.594
26.594
26.594
26.594
26.594
26.594
26.594
26.594
26.594
26.594
26.594
26.594
26.594
26.594
26.594
26.594
26.594
23.79
23.79
23.905
24.161
24.517
24.924
25.38
25.809
26.143
26.371
26.534
26.534
26.534
26.534
26.534
26.534
26.534
26.534
26.534
26.534
26.534
26.534
26.534
26.534
26.534
26.534
26.534
26.534
26.534
26.534
26.534
26.534
26.534
26.534
26.534
24.355
24.355
24.355
24.355
24.378
24.477
24.697
25.005
25.344
25.672
26.078
26.078
26.078
26.078
26.078
26.078
26.078
26.078
26.078
26.078
26.078
26.078
26.078
26.078
26.078
26.078
26.078
26.078
26.078
26.078
26.078
26.078
26.078
26.078
26.078
23.183
23.183
23.789
24.467
24.86
25.125
25.447
25.803
26.153
26.469
26.729
26.729
26.729
26.729
26.729
26.729
26.729
26.729
26.729
26.729
26.729
26.729
26.729
26.729
26.729
26.729
26.729
26.729
26.729
26.729
26.729
26.729
26.729
26.729
26.729
23.162
23.162
23.535
24.26
24.893
25.363
25.913
26.632
27.405
28.004
28.169
28.169
28.169
28.169
28.169
28.169
28.169
28.169
28.169
28.169
28.169
28.169
28.169
28.169
28.169
28.169
28.169
28.169
28.169
28.169
28.169
28.169
28.169
28.169
28.169
24.951
24.951
24.957
25.071
25.294
25.575
25.911
26.284
26.786
27.373
27.7
27.7
27.7
27.7
27.7
27.7
27.7
27.7
27.7
27.7
27.7
27.7
27.7
27.7
27.7
27.7
27.7
27.7
27.7
27.7
27.7
27.7
27.7
27.7
27.7
25.259
25.259
25.277
25.329
25.406
25.494
25.666
26.032
26.446
26.703
26.858
26.858
26.858
26.858
26.858
26.858
26.858
26.858
26.858
26.858
26.858
26.858
26.858
26.858
26.858
26.858
26.858
26.858
26.858
26.858
26.858
26.858
26.858
26.858
26.858
25.046
25.046
25.076
25.106
25.165
25.328
25.575
25.832
25.983
26.095
26.173
26.173
26.173
26.173
26.173
26.173
26.173
26.173
26.173
26.173
26.173
26.173
26.173
26.173
26.173
26.173
26.173
26.173
26.173
26.173
26.173
26.173
26.173
26.173
26.173
25.304
25.304
25.304
25.304
25.305
25.316
25.396
25.561
25.71
25.811
25.872
25.872
25.872
25.872
25.872
25.872
25.872
25.872
25.872
25.872
25.872
25.872
25.872
25.872
25.872
25.872
25.872
25.872
25.872
25.872
25.872
25.872
25.872
25.872
25.872
25.429
25.429
25.43
25.433
25.438
25.445
25.463
25.515
25.625
25.737
25.827
25.827
25.827
25.827
25.827
25.827
25.827
25.827
25.827
25.827
25.827
25.827
25.827
25.827
25.827
25.827
25.827
25.827
25.827
25.827
25.827
25.827
25.827
25.827
25.827
25.34
25.34
25.35
25.361
25.375
25.397
25.427
25.49
25.619
25.752
25.88
25.88
25.88
25.88
25.88
25.88
25.88
25.88
25.88
25.88
25.88
25.88
25.88
25.88
25.88
25.88
25.88
25.88
25.88
25.88
25.88
25.88
25.88
25.88
25.88
25.437
25.437
25.438
25.439
25.44
25.443
25.453
25.486
25.567
25.666
25.796
25.796
25.796
25.796
25.796
25.796
25.796
25.796
25.796
25.796
25.796
25.796
25.796
25.796
25.796
25.796
25.796
25.796
25.796
25.796
25.796
25.796
25.796
25.796
25.796
25.765
25.765
25.766
25.767
25.769
25.773
25.778
25.789
25.809
25.85
25.959
25.959
25.959
25.959
25.959
25.959
25.959
25.959
25.959
25.959
25.959
25.959
25.959
25.959
25.959
25.959
25.959
25.959
25.959
25.959
25.959
25.959
25.959
25.959
25.959
25.868
25.868
25.868
25.868
25.868
25.869
25.869
25.869
25.87
25.871
25.872
25.872
25.872
25.872
25.872
25.872
25.872
25.872
25.872
25.872
25.872
25.872
25.872
25.872
25.872
25.872
25.872
25.872
25.872
25.872
25.872
25.872
25.872
25.872
25.872
26.068
26.068
26.069
26.069
26.07
26.071
26.072
26.074
26.076
26.078
26.08
26.08
26.08
26.08
26.08
26.08
26.08
26.08
26.08
26.08
26.08
26.08
26.08
26.08
26.08
26.08
26.08
26.08
26.08
26.08
26.08
26.08
26.08
26.08
26.08
24.873
24.873
25.418
25.924
26.094
26.125
26.143
26.16
26.174
26.183
26.188
26.188
26.188
26.188
26.188
26.188
26.188
26.188
26.188
26.188
26.188
26.188
26.188
26.188
26.188
26.188
26.188
26.188
26.188
26.188
26.188
26.188
26.188
26.188
26.188
23.685
23.685
24.314
25.263
25.886
26.08
26.19
26.373
26.747
27.33
27.763
27.763
27.763
27.763
27.763
27.763
27.763
27.763
27.763
27.763
27.763
27.763
27.763
27.763
27.763
27.763
27.763
27.763
27.763
27.763
27.763
27.763
27.763
27.763
27.763
23.448
23.448
24.102
25.061
25.602
25.892
26.226
26.679
27.287
27.982
28.277
28.277
28.277
28.277
28.277
28.277
28.277
28.277
28.277
28.277
28.277
28.277
28.277
28.277
28.277
28.277
28.277
28.277
28.277
28.277
28.277
28.277
28.277
28.277
28.277
22.896
22.896
23.616
24.459
25.11
25.576
26.014
26.433
26.83
27.101
27.249
27.249
27.249
27.249
27.249
27.249
27.249
27.249
27.249
27.249
27.249
27.249
27.249
27.249
27.249
27.249
27.249
27.249
27.249
27.249
27.249
27.249
27.249
27.249
27.249
23.168
23.168
24.054
24.74
25.125
25.473
25.861
26.257
26.658
26.979
27.124
27.124
27.124
27.124
27.124
27.124
27.124
27.124
27.124
27.124
27.124
27.124
27.124
27.124
27.124
27.124
27.124
27.124
27.124
27.124
27.124
27.124
27.124
27.124
27.124
22.761
22.761
23.693
24.355
24.78
25.108
25.4
25.743
26.125
26.408
26.593
26.593
26.593
26.593
26.593
26.593
26.593
26.593
26.593
26.593
26.593
26.593
26.593
26.593
26.593
26.593
26.593
26.593
26.593
26.593
26.593
26.593
26.593
26.593
26.593
