7.1914
7.1914
7.0974
7.0565
7.0231
6.992
6.9681
6.9578
6.9568
6.9576
6.9586
6.9586
6.9586
6.9586
6.9586
6.9586
6.9586
6.9586
6.9586
6.9586
6.9586
6.9586
6.9586
6.9586
6.9586
6.9586
6.9586
6.9586
6.9586
6.9586
6.9586
6.9586
6.9586
6.9586
6.9586
7.5814
7.5814
7.4506
7.3339
7.2547
7.2029
7.1517
7.095
7.0389
7.0006
7.0024
7.0024
7.0024
7.0024
7.0024
7.0024
7.0024
7.0024
7.0024
7.0024
7.0024
7.0024
7.0024
7.0024
7.0024
7.0024
7.0024
7.0024
7.0024
7.0024
7.0024
7.0024
7.0024
7.0024
7.0024
8.2783
8.2783
8.2206
8.1151
7.9902
7.8987
7.8128
7.718
7.6034
7.4982
7.4683
7.4683
7.4683
7.4683
7.4683
7.4683
7.4683
7.4683
7.4683
7.4683
7.4683
7.4683
7.4683
7.4683
7.4683
7.4683
7.4683
7.4683
7.4683
7.4683
7.4683
7.4683
7.4683
7.4683
7.4683
8.7188
8.7188
8.7148
8.7071
8.6917
8.6725
8.6492
8.6172
8.5821
8.5819
8.5776
8.5776
8.5776
8.5776
8.5776
8.5776
8.5776
8.5776
8.5776
8.5776
8.5776
8.5776
8.5776
8.5776
8.5776
8.5776
8.5776
8.5776
8.5776
8.5776
8.5776
8.5776
8.5776
8.5776
8.5776
9.0373
9.0373
8.9647
9.0231
9.0782
9.1113
9.108
9.0801
9.0567
9.0433
9.0408
9.0408
9.0408
9.0408
9.0408
9.0408
9.0408
9.0408
9.0408
9.0408
9.0408
9.0408
9.0408
9.0408
9.0408
9.0408
9.0408
9.0408
9.0408
9.0408
9.0408
9.0408
9.0408
9.0408
9.0408
9.3289
9.3289
9.3817
9.3609
9.3364
9.3161
9.3021
9.2934
9.2843
9.2755
9.2689
9.2689
9.2689
9.2689
9.2689
9.2689
9.2689
9.2689
9.2689
9.2689
9.2689
9.2689
9.2689
9.2689
9.2689
9.2689
9.2689
9.2689
9.2689
9.2689
9.2689
9.2689
9.2689
9.2689
9.2689
9.8548
9.8548
9.8265
9.7845
9.7514
9.7182
9.6856
9.6581
9.6439
9.6355
9.6236
9.6236
9.6236
9.6236
9.6236
9.6236
9.6236
9.6236
9.6236
9.6236
9.6236
9.6236
9.6236
9.6236
9.6236
9.6236
9.6236
9.6236
9.6236
9.6236
9.6236
9.6236
9.6236
9.6236
9.6236
9.7805
9.7805
9.8023
9.7893
9.7842
9.7833
9.7832
9.7836
9.7853
9.7888
9.7962
9.7962
9.7962
9.7962
9.7962
9.7962
9.7962
9.7962
9.7962
9.7962
9.7962
9.7962
9.7962
9.7962
9.7962
9.7962
9.7962
9.7962
9.7962
9.7962
9.7962
9.7962
9.7962
9.7962
9.7962
10.01
10.01
9.9969
9.9764
9.9701
9.9701
9.972
9.9796
10.008
10.056
10.088
10.088
10.088
10.088
10.088
10.088
10.088
10.088
10.088
10.088
10.088
10.088
10.088
10.088
10.088
10.088
10.088
10.088
10.088
10.088
10.088
10.088
10.088
10.088
10.088
10.034
10.034
10.09
10.132
10.152
10.158
10.161
10.164
10.167
10.171
10.175
10.175
10.175
10.175
10.175
10.175
10.175
10.175
10.175
10.175
10.175
10.175
10.175
10.175
10.175
10.175
10.175
10.175
10.175
10.175
10.175
10.175
10.175
10.175
10.175
9.9737
9.9737
9.9759
9.9786
9.9829
9.9906
10.005
10.034
10.08
10.141
10.171
10.171
10.171
10.171
10.171
10.171
10.171
10.171
10.171
10.171
10.171
10.171
10.171
10.171
10.171
10.171
10.171
10.171
10.171
10.171
10.171
10.171
10.171
10.171
10.171
9.2691
9.2691
9.2937
9.3288
9.3755
9.4271
9.4728
9.5114
9.5478
9.5776
9.6019
9.6019
9.6019
9.6019
9.6019
9.6019
9.6019
9.6019
9.6019
9.6019
9.6019
9.6019
9.6019
9.6019
9.6019
9.6019
9.6019
9.6019
9.6019
9.6019
9.6019
9.6019
9.6019
9.6019
9.6019
8.8405
8.8405
8.8463
8.8517
8.8574
8.8652
8.8797
8.9027
8.9388
8.999
9.1153
9.1153
9.1153
9.1153
9.1153
9.1153
9.1153
9.1153
9.1153
9.1153
9.1153
9.1153
9.1153
9.1153
9.1153
9.1153
9.1153
9.1153
9.1153
9.1153
9.1153
9.1153
9.1153
9.1153
9.1153
8.3545
8.3545
8.3704
8.3853
8.4018
8.4238
8.4617
8.5103
8.5518
8.5904
8.6494
8.6494
8.6494
8.6494
8.6494
8.6494
8.6494
8.6494
8.6494
8.6494
8.6494
8.6494
8.6494
8.6494
8.6494
8.6494
8.6494
8.6494
8.6494
8.6494
8.6494
8.6494
8.6494
8.6494
8.6494
8.0555
8.0555
8.0604
8.065
8.0698
8.0755
8.0838
8.1053
8.1614
8.2325
8.2795
8.2795
8.2795
8.2795
8.2795
8.2795
8.2795
8.2795
8.2795
8.2795
8.2795
8.2795
8.2795
8.2795
8.2795
8.2795
8.2795
8.2795
8.2795
8.2795
8.2795
8.2795
8.2795
8.2795
8.2795
7.7044
7.7044
7.7105
7.7168
7.7234
7.7298
7.7368
7.7449
7.7539
7.7632
7.7805
7.7805
7.7805
7.7805
7.7805
7.7805
7.7805
7.7805
7.7805
7.7805
7.7805
7.7805
7.7805
7.7805
7.7805
7.7805
7.7805
7.7805
7.7805
7.7805
7.7805
7.7805
7.7805
7.7805
7.7805
6.4381
6.4381
6.9863
7.2473
7.3416
7.3974
7.4471
7.5002
7.6041
7.8507
8.3172
8.3172
8.3172
8.3172
8.3172
8.3172
8.3172
8.3172
8.3172
8.3172
8.3172
8.3172
8.3172
8.3172
8.3172
8.3172
8.3172
8.3172
8.3172
8.3172
8.3172
8.3172
8.3172
8.3172
8.3172
5.2758
5.2758
5.9048
6.6133
6.9748
7.1595
7.3164
7.4701
7.6644
7.968
8.3671
8.3671
8.3671
8.3671
8.3671
8.3671
8.3671
8.3671
8.3671
8.3671
8.3671
8.3671
8.3671
8.3671
8.3671
8.3671
8.3671
8.3671
8.3671
8.3671
8.3671
8.3671
8.3671
8.3671
8.3671
5.0716
5.0716
5.836
6.1917
6.3896
6.5417
6.7632
7.0985
7.522
8.0094
8.4308
8.4308
8.4308
8.4308
8.4308
8.4308
8.4308
8.4308
8.4308
8.4308
8.4308
8.4308
8.4308
8.4308
8.4308
8.4308
8.4308
8.4308
8.4308
8.4308
8.4308
8.4308
8.4308
8.4308
8.4308
5.1063
5.1063
5.3134
5.7374
6.0786
6.2213
6.4135
6.7699
7.3038
7.9356
8.4646
8.4646
8.4646
8.4646
8.4646
8.4646
8.4646
8.4646
8.4646
8.4646
8.4646
8.4646
8.4646
8.4646
8.4646
8.4646
8.4646
8.4646
8.4646
8.4646
8.4646
8.4646
8.4646
8.4646
8.4646
6.1495
6.1495
6.049
6.0139
6.0716
6.1214
6.2325
6.4664
6.8708
7.4528
8.0923
8.0923
8.0923
8.0923
8.0923
8.0923
8.0923
8.0923
8.0923
8.0923
8.0923
8.0923
8.0923
8.0923
8.0923
8.0923
8.0923
8.0923
8.0923
8.0923
8.0923
8.0923
8.0923
8.0923
8.0923
7.4464
7.4464
7.4309
7.4144
7.3937
7.3666
7.3346
7.3058
7.2808
7.2556
7.2503
7.2503
7.2503
7.2503
7.2503
7.2503
7.2503
7.2503
7.2503
7.2503
7.2503
7.2503
7.2503
7.2503
7.2503
7.2503
7.2503
7.2503
7.2503
7.2503
7.2503
7.2503
7.2503
7.2503
7.2503
7.8933
7.8933
7.7173
7.648
7.6168
7.5902
7.5877
7.6517
7.8625
8.1342
8.3547
8.3547
8.3547
8.3547
8.3547
8.3547
8.3547
8.3547
8.3547
8.3547
8.3547
8.3547
8.3547
8.3547
8.3547
8.3547
8.3547
8.3547
8.3547
8.3547
8.3547
8.3547
8.3547
8.3547
8.3547
7.4891
7.4891
7.4538
7.4269
7.4363
7.486
7.5801
7.724
7.9207
8.1114
8.3183
8.3183
8.3183
8.3183
8.3183
8.3183
8.3183
8.3183
8.3183
8.3183
8.3183
8.3183
8.3183
8.3183
8.3183
8.3183
8.3183
8.3183
8.3183
8.3183
8.3183
8.3183
8.3183
8.3183
8.3183
6.6603
6.6603
7.0055
7.3588
7.5048
7.5649
7.6624
7.7869
7.9223
8.0631
8.2189
8.2189
8.2189
8.2189
8.2189
8.2189
8.2189
8.2189
8.2189
8.2189
8.2189
8.2189
8.2189
8.2189
8.2189
8.2189
8.2189
8.2189
8.2189
8.2189
8.2189
8.2189
8.2189
8.2189
8.2189
6.7831
6.7831
7.0007
7.226
7.4709
7.6509
7.8019
7.9413
8.0769
8.2169
8.3348
8.3348
8.3348
8.3348
8.3348
8.3348
8.3348
8.3348
8.3348
8.3348
8.3348
8.3348
8.3348
8.3348
8.3348
8.3348
8.3348
8.3348
8.3348
8.3348
8.3348
8.3348
8.3348
8.3348
8.3348
6.4757
6.4757
6.707
7.1128
7.4238
7.6752
7.8851
8.0357
8.154
8.2666
8.3646
8.3646
8.3646
8.3646
8.3646
8.3646
8.3646
8.3646
8.3646
8.3646
8.3646
8.3646
8.3646
8.3646
8.3646
8.3646
8.3646
8.3646
8.3646
8.3646
8.3646
8.3646
8.3646
8.3646
8.3646
6.0027
6.0027
6.3208
6.6759
7.0379
7.3706
7.6658
7.8853
8.0417
8.153
8.2575
8.2575
8.2575
8.2575
8.2575
8.2575
8.2575
8.2575
8.2575
8.2575
8.2575
8.2575
8.2575
8.2575
8.2575
8.2575
8.2575
8.2575
8.2575
8.2575
8.2575
8.2575
8.2575
8.2575
8.2575
5.8564
5.8564
6.2743
6.6914
7.0896
7.4091
7.67
7.8725
8.0225
8.1377
8.2382
8.2382
8.2382
8.2382
8.2382
8.2382
8.2382
8.2382
8.2382
8.2382
8.2382
8.2382
8.2382
8.2382
8.2382
8.2382
8.2382
8.2382
8.2382
8.2382
8.2382
8.2382
8.2382
8.2382
8.2382
6.9692
6.9692
7.0998
7.2384
7.3921
7.555
7.7113
7.8382
7.9402
8.0247
8.1011
8.1011
8.1011
8.1011
8.1011
8.1011
8.1011
8.1011
8.1011
8.1011
8.1011
8.1011
8.1011
8.1011
8.1011
8.1011
8.1011
8.1011
8.1011
8.1011
8.1011
8.1011
8.1011
8.1011
8.1011
7.1964
7.1964
7.3073
7.4028
7.553
7.6868
7.7582
7.8083
7.8355
7.8454
7.8485
7.8485
7.8485
7.8485
7.8485
7.8485
7.8485
7.8485
7.8485
7.8485
7.8485
7.8485
7.8485
7.8485
7.8485
7.8485
7.8485
7.8485
7.8485
7.8485
7.8485
7.8485
7.8485
7.8485
7.8485
6.4383
6.4383
6.7023
7.2059
7.4773
7.5755
7.6397
7.7069
7.7958
7.8783
7.9102
7.9102
7.9102
7.9102
7.9102
7.9102
7.9102
7.9102
7.9102
7.9102
7.9102
7.9102
7.9102
7.9102
7.9102
7.9102
7.9102
7.9102
7.9102
7.9102
7.9102
7.9102
7.9102
7.9102
7.9102
7.3692
7.3692
7.3691
7.3756
7.3911
7.4108
7.4367
7.4641
7.5065
7.5736
7.6608
7.6608
7.6608
7.6608
7.6608
7.6608
7.6608
7.6608
7.6608
7.6608
7.6608
7.6608
7.6608
7.6608
7.6608
7.6608
7.6608
7.6608
7.6608
7.6608
7.6608
7.6608
7.6608
7.6608
7.6608
7.7825
7.7825
7.7814
7.7804
7.7794
7.7785
7.7777
7.7769
7.776
7.7749
7.7736
7.7736
7.7736
7.7736
7.7736
7.7736
7.7736
7.7736
7.7736
7.7736
7.7736
7.7736
7.7736
7.7736
7.7736
7.7736
7.7736
7.7736
7.7736
7.7736
7.7736
7.7736
7.7736
7.7736
7.7736
8.3223
8.3223
8.3194
8.317
8.3147
8.3125
8.3106
8.3089
8.3073
8.3057
8.3038
8.3038
8.3038
8.3038
8.3038
8.3038
8.3038
8.3038
8.3038
8.3038
8.3038
8.3038
8.3038
8.3038
8.3038
8.3038
8.3038
8.3038
8.3038
8.3038
8.3038
8.3038
8.3038
8.3038
8.3038
8.8614
8.8614
8.7762
8.7028
8.6448
8.6059
8.5835
8.5912
8.6462
8.7397
8.8197
8.8197
8.8197
8.8197
8.8197
8.8197
8.8197
8.8197
8.8197
8.8197
8.8197
8.8197
8.8197
8.8197
8.8197
8.8197
8.8197
8.8197
8.8197
8.8197
8.8197
8.8197
8.8197
8.8197
8.8197
9.329
9.329
9.3051
9.2382
9.0196
8.8486
8.7627
8.7495
8.8194
8.9458
9.1131
9.1131
9.1131
9.1131
9.1131
9.1131
9.1131
9.1131
9.1131
9.1131
9.1131
9.1131
9.1131
9.1131
9.1131
9.1131
9.1131
9.1131
9.1131
9.1131
9.1131
9.1131
9.1131
9.1131
9.1131
9.2908
9.2908
9.373
9.3116
9.1482
8.9838
8.8685
8.8352
8.859
8.9135
8.9978
8.9978
8.9978
8.9978
8.9978
8.9978
8.9978
8.9978
8.9978
8.9978
8.9978
8.9978
8.9978
8.9978
8.9978
8.9978
8.9978
8.9978
8.9978
8.9978
8.9978
8.9978
8.9978
8.9978
8.9978
8.4918
8.4918
8.7465
8.915
8.9848
9.0047
8.998
8.9864
8.993
9.0214
9.061
9.061
9.061
9.061
9.061
9.061
9.061
9.061
9.061
9.061
9.061
9.061
9.061
9.061
9.061
9.061
9.061
9.061
9.061
9.061
9.061
9.061
9.061
9.061
9.061
8.6416
8.6416
8.7054
8.885
8.9535
8.9746
8.9907
9.0022
9.0006
8.9901
8.9829
8.9829
8.9829
8.9829
8.9829
8.9829
8.9829
8.9829
8.9829
8.9829
8.9829
8.9829
8.9829
8.9829
8.9829
8.9829
8.9829
8.9829
8.9829
8.9829
8.9829
8.9829
8.9829
8.9829
8.9829
8.8862
8.8862
8.8839
8.9233
8.9886
8.9975
9.0086
9.0202
9.0128
8.9882
8.9691
8.9691
8.9691
8.9691
8.9691
8.9691
8.9691
8.9691
8.9691
8.9691
8.9691
8.9691
8.9691
8.9691
8.9691
8.9691
8.9691
8.9691
8.9691
8.9691
8.9691
8.9691
8.9691
8.9691
8.9691
9.8388
9.8388
9.8222
9.7665
9.7264
9.7074
9.6929
9.6743
9.644
9.6031
9.5402
9.5402
9.5402
9.5402
9.5402
9.5402
9.5402
9.5402
9.5402
9.5402
9.5402
9.5402
9.5402
9.5402
9.5402
9.5402
9.5402
9.5402
9.5402
9.5402
9.5402
9.5402
9.5402
9.5402
9.5402
9.6392
9.6392
9.9152
10.033
10.05
10.046
10.04
10.039
10.05
10.096
10.163
10.163
10.163
10.163
10.163
10.163
10.163
10.163
10.163
10.163
10.163
10.163
10.163
10.163
10.163
10.163
10.163
10.163
10.163
10.163
10.163
10.163
10.163
10.163
10.163
9.3336
9.3336
9.4417
9.4889
9.5116
9.541
9.5973
9.6627
9.7077
9.7294
9.736
9.736
9.736
9.736
9.736
9.736
9.736
9.736
9.736
9.736
9.736
9.736
9.736
9.736
9.736
9.736
9.736
9.736
9.736
9.736
9.736
9.736
9.736
9.736
9.736
9.6729
9.6729
9.6718
9.6708
9.67
9.6706
9.6763
9.6868
9.7005
9.7163
9.7357
9.7357
9.7357
9.7357
9.7357
9.7357
9.7357
9.7357
9.7357
9.7357
9.7357
9.7357
9.7357
9.7357
9.7357
9.7357
9.7357
9.7357
9.7357
9.7357
9.7357
9.7357
9.7357
9.7357
9.7357
9.8366
9.8366
9.8514
9.8789
9.8971
9.8904
9.8743
9.8568
9.8457
9.8369
9.8276
9.8276
9.8276
9.8276
9.8276
9.8276
9.8276
9.8276
9.8276
9.8276
9.8276
9.8276
9.8276
9.8276
9.8276
9.8276
9.8276
9.8276
9.8276
9.8276
9.8276
9.8276
9.8276
9.8276
9.8276
10.299
10.299
10.289
10.273
10.243
10.212
10.193
10.18
10.171
10.167
10.165
10.165
10.165
10.165
10.165
10.165
10.165
10.165
10.165
10.165
10.165
10.165
10.165
10.165
10.165
10.165
10.165
10.165
10.165
10.165
10.165
10.165
10.165
10.165
10.165
9.9696
9.9696
10.016
10.07
10.113
10.12
10.133
10.197
10.316
10.45
10.56
10.56
10.56
10.56
10.56
10.56
10.56
10.56
10.56
10.56
10.56
10.56
10.56
10.56
10.56
10.56
10.56
10.56
10.56
10.56
10.56
10.56
10.56
10.56
10.56
10.211
10.211
10.307
10.344
10.355
10.361
10.363
10.361
10.382
10.431
10.504
10.504
10.504
10.504
10.504
10.504
10.504
10.504
10.504
10.504
10.504
10.504
10.504
10.504
10.504
10.504
10.504
10.504
10.504
10.504
10.504
10.504
10.504
10.504
10.504
10.923
10.923
10.916
10.913
10.911
10.906
10.888
10.802
10.616
10.473
10.442
10.442
10.442
10.442
10.442
10.442
10.442
10.442
10.442
10.442
10.442
10.442
10.442
10.442
10.442
10.442
10.442
10.442
10.442
10.442
10.442
10.442
10.442
10.442
10.442
10.734
10.734
10.776
10.869
10.901
10.917
10.93
10.913
10.854
10.785
10.705
10.705
10.705
10.705
10.705
10.705
10.705
10.705
10.705
10.705
10.705
10.705
10.705
10.705
10.705
10.705
10.705
10.705
10.705
10.705
10.705
10.705
10.705
10.705
10.705
10.422
10.422
10.63
10.704
10.755
10.774
10.807
10.874
10.928
10.956
10.964
10.964
10.964
10.964
10.964
10.964
10.964
10.964
10.964
10.964
10.964
10.964
10.964
10.964
10.964
10.964
10.964
10.964
10.964
10.964
10.964
10.964
10.964
10.964
10.964
10.456
10.456
10.628
10.716
10.749
10.763
10.774
10.797
10.834
10.881
10.92
10.92
10.92
10.92
10.92
10.92
10.92
10.92
10.92
10.92
10.92
10.92
10.92
10.92
10.92
10.92
10.92
10.92
10.92
10.92
10.92
10.92
10.92
10.92
10.92
9.9474
9.9474
10.146
10.256
10.336
10.398
10.473
10.557
10.622
10.653
10.661
10.661
10.661
10.661
10.661
10.661
10.661
10.661
10.661
10.661
10.661
10.661
10.661
10.661
10.661
10.661
10.661
10.661
10.661
10.661
10.661
10.661
10.661
10.661
10.661
9.4318
9.4318
10.021
10.238
10.346
10.409
10.45
10.48
10.514
10.555
10.565
10.565
10.565
10.565
10.565
10.565
10.565
10.565
10.565
10.565
10.565
10.565
10.565
10.565
10.565
10.565
10.565
10.565
10.565
10.565
10.565
10.565
10.565
10.565
10.565
9.156
9.156
9.8857
10.18
10.333
10.384
10.388
10.388
10.418
10.488
10.517
10.517
10.517
10.517
10.517
10.517
10.517
10.517
10.517
10.517
10.517
10.517
10.517
10.517
10.517
10.517
10.517
10.517
10.517
10.517
10.517
10.517
10.517
10.517
10.517
8.6468
8.6468
9.5004
9.9691
10.209
10.266
10.266
10.277
10.325
10.415
10.468
10.468
10.468
10.468
10.468
10.468
10.468
10.468
10.468
10.468
10.468
10.468
10.468
10.468
10.468
10.468
10.468
10.468
10.468
10.468
10.468
10.468
10.468
10.468
10.468
8.8267
8.8267
9.5192
9.8728
10.051
10.067
10.059
10.101
10.207
10.332
10.391
10.391
10.391
10.391
10.391
10.391
10.391
10.391
10.391
10.391
10.391
10.391
10.391
10.391
10.391
10.391
10.391
10.391
10.391
10.391
10.391
10.391
10.391
10.391
10.391
9.2322
9.2322
9.3469
9.5552
9.7155
9.8213
9.8859
9.9711
10.099
10.23
10.29
10.29
10.29
10.29
10.29
10.29
10.29
10.29
10.29
10.29
10.29
10.29
10.29
10.29
10.29
10.29
10.29
10.29
10.29
10.29
10.29
10.29
10.29
10.29
10.29
8.8052
8.8052
9.1642
9.4636
9.7009
9.8513
9.9523
10.037
10.131
10.236
10.328
10.328
10.328
10.328
10.328
10.328
10.328
10.328
10.328
10.328
10.328
10.328
10.328
10.328
10.328
10.328
10.328
10.328
10.328
10.328
10.328
10.328
10.328
10.328
10.328
9.2048
9.2048
9.4272
9.6335
9.7991
9.9087
9.9865
10.054
10.126
10.207
10.279
10.279
10.279
10.279
10.279
10.279
10.279
10.279
10.279
10.279
10.279
10.279
10.279
10.279
10.279
10.279
10.279
10.279
10.279
10.279
10.279
10.279
10.279
10.279
10.279
9.2651
9.2651
9.439
9.5714
9.6461
9.6838
9.7168
9.7722
9.8788
10.008
10.101
10.101
10.101
10.101
10.101
10.101
10.101
10.101
10.101
10.101
10.101
10.101
10.101
10.101
10.101
10.101
10.101
10.101
10.101
10.101
10.101
10.101
10.101
10.101
10.101
8.4416
8.4416
8.8252
9.0847
9.2687
9.4422
9.591
9.7249
9.8553
9.9683
10.055
10.055
10.055
10.055
10.055
10.055
10.055
10.055
10.055
10.055
10.055
10.055
10.055
10.055
10.055
10.055
10.055
10.055
10.055
10.055
10.055
10.055
10.055
10.055
10.055
8.9399
8.9399
9.071
9.141
9.2117
9.3218
9.4398
9.5232
9.5678
9.5957
9.6425
9.6425
9.6425
9.6425
9.6425
9.6425
9.6425
9.6425
9.6425
9.6425
9.6425
9.6425
9.6425
9.6425
9.6425
9.6425
9.6425
9.6425
9.6425
9.6425
9.6425
9.6425
9.6425
9.6425
9.6425
8.8269
8.8269
9.0496
9.2218
9.2954
9.3157
9.319
9.3177
9.3176
9.3178
9.3169
9.3169
9.3169
9.3169
9.3169
9.3169
9.3169
9.3169
9.3169
9.3169
9.3169
9.3169
9.3169
9.3169
9.3169
9.3169
9.3169
9.3169
9.3169
9.3169
9.3169
9.3169
9.3169
9.3169
9.3169
9.2092
9.2092
9.3422
9.4334
9.4636
9.4652
9.4643
9.4645
9.4659
9.4681
9.4688
9.4688
9.4688
9.4688
9.4688
9.4688
9.4688
9.4688
9.4688
9.4688
9.4688
9.4688
9.4688
9.4688
9.4688
9.4688
9.4688
9.4688
9.4688
9.4688
9.4688
9.4688
9.4688
9.4688
9.4688
8.7004
8.7004
8.9773
9.1559
9.2577
9.3063
9.3414
9.3862
9.4765
9.609
9.6912
9.6912
9.6912
9.6912
9.6912
9.6912
9.6912
9.6912
9.6912
9.6912
9.6912
9.6912
9.6912
9.6912
9.6912
9.6912
9.6912
9.6912
9.6912
9.6912
9.6912
9.6912
9.6912
9.6912
9.6912
8.6637
8.6637
9.0942
9.1932
9.2411
9.2915
9.3374
9.3757
9.4309
9.5045
9.5648
9.5648
9.5648
9.5648
9.5648
9.5648
9.5648
9.5648
9.5648
9.5648
9.5648
9.5648
9.5648
9.5648
9.5648
9.5648
9.5648
9.5648
9.5648
9.5648
9.5648
9.5648
9.5648
9.5648
9.5648
9.7135
9.7135
9.7372
9.7834
9.7685
9.7475
9.7343
9.7254
9.7201
9.7222
9.7296
9.7296
9.7296
9.7296
9.7296
9.7296
9.7296
9.7296
9.7296
9.7296
9.7296
9.7296
9.7296
9.7296
9.7296
9.7296
9.7296
9.7296
9.7296
9.7296
9.7296
9.7296
9.7296
9.7296
9.7296
9.14
9.14
9.6194
9.7938
9.8012
9.7128
9.6142
9.5626
9.56
9.5964
9.6188
9.6188
9.6188
9.6188
9.6188
9.6188
9.6188
9.6188
9.6188
9.6188
9.6188
9.6188
9.6188
9.6188
9.6188
9.6188
9.6188
9.6188
9.6188
9.6188
9.6188
9.6188
9.6188
9.6188
9.6188
8.8694
8.8694
9.4414
9.6124
9.6627
9.6302
9.5688
9.5363
9.5485
9.5919
9.6197
9.6197
9.6197
9.6197
9.6197
9.6197
9.6197
9.6197
9.6197
9.6197
9.6197
9.6197
9.6197
9.6197
9.6197
9.6197
9.6197
9.6197
9.6197
9.6197
9.6197
9.6197
9.6197
9.6197
9.6197
8.8987
8.8987
9.3247
9.5486
9.6266
9.629
9.6026
9.5852
9.5906
9.6131
9.6218
9.6218
9.6218
9.6218
9.6218
9.6218
9.6218
9.6218
9.6218
9.6218
9.6218
9.6218
9.6218
9.6218
9.6218
9.6218
9.6218
9.6218
9.6218
9.6218
9.6218
9.6218
9.6218
9.6218
9.6218
8.9081
8.9081
9.2762
9.4506
9.5447
9.582
9.5891
9.5904
9.6083
9.6404
9.6564
9.6564
9.6564
9.6564
9.6564
9.6564
9.6564
9.6564
9.6564
9.6564
9.6564
9.6564
9.6564
9.6564
9.6564
9.6564
9.6564
9.6564
9.6564
9.6564
9.6564
9.6564
9.6564
9.6564
9.6564
8.6009
8.6009
9.1194
9.3608
9.491
9.5474
9.5682
9.5734
9.5822
9.6056
9.6343
9.6343
9.6343
9.6343
9.6343
9.6343
9.6343
9.6343
9.6343
9.6343
9.6343
9.6343
9.6343
9.6343
9.6343
9.6343
9.6343
9.6343
9.6343
9.6343
9.6343
9.6343
9.6343
9.6343
9.6343
8.4352
8.4352
8.8645
9.181
9.3901
9.494
9.5418
9.5597
9.5699
9.5888
9.6158
9.6158
9.6158
9.6158
9.6158
9.6158
9.6158
9.6158
9.6158
9.6158
9.6158
9.6158
9.6158
9.6158
9.6158
9.6158
9.6158
9.6158
9.6158
9.6158
9.6158
9.6158
9.6158
9.6158
9.6158
8.5052
8.5052
8.9567
9.183
9.3527
9.4583
9.5193
9.5484
9.564
9.5822
9.6039
9.6039
9.6039
9.6039
9.6039
9.6039
9.6039
9.6039
9.6039
9.6039
9.6039
9.6039
9.6039
9.6039
9.6039
9.6039
9.6039
9.6039
9.6039
9.6039
9.6039
9.6039
9.6039
9.6039
9.6039
8.0221
8.0221
8.7822
9.1171
9.3208
9.4334
9.4998
9.5359
9.5578
9.5778
9.5956
9.5956
9.5956
9.5956
9.5956
9.5956
9.5956
9.5956
9.5956
9.5956
9.5956
9.5956
9.5956
9.5956
9.5956
9.5956
9.5956
9.5956
9.5956
9.5956
9.5956
9.5956
9.5956
9.5956
9.5956
7.8281
7.8281
8.2818
8.7976
9.1391
9.3279
9.4474
9.5114
9.5465
9.57
9.5852
9.5852
9.5852
9.5852
9.5852
9.5852
9.5852
9.5852
9.5852
9.5852
9.5852
9.5852
9.5852
9.5852
9.5852
9.5852
9.5852
9.5852
9.5852
9.5852
9.5852
9.5852
9.5852
9.5852
9.5852
8.8621
8.8621
8.8509
8.8402
8.8814
8.9609
9.0746
9.1892
9.292
9.384
9.481
9.481
9.481
9.481
9.481
9.481
9.481
9.481
9.481
9.481
9.481
9.481
9.481
9.481
9.481
9.481
9.481
9.481
9.481
9.481
9.481
9.481
9.481
9.481
9.481
8.8309
8.8309
8.8393
8.8768
8.9154
8.9571
9.011
9.0942
9.197
9.3038
9.4291
9.4291
9.4291
9.4291
9.4291
9.4291
9.4291
9.4291
9.4291
9.4291
9.4291
9.4291
9.4291
9.4291
9.4291
9.4291
9.4291
9.4291
9.4291
9.4291
9.4291
9.4291
9.4291
9.4291
9.4291
8.9601
8.9601
9.0153
9.0323
9.0426
9.0747
9.12
9.1742
9.2343
9.296
9.3726
9.3726
9.3726
9.3726
9.3726
9.3726
9.3726
9.3726
9.3726
9.3726
9.3726
9.3726
9.3726
9.3726
9.3726
9.3726
9.3726
9.3726
9.3726
9.3726
9.3726
9.3726
9.3726
9.3726
9.3726
9.4853
9.4853
9.3639
9.3218
9.3052
9.3138
9.3251
9.3402
9.3637
9.3989
9.4448
9.4448
9.4448
9.4448
9.4448
9.4448
9.4448
9.4448
9.4448
9.4448
9.4448
9.4448
9.4448
9.4448
9.4448
9.4448
9.4448
9.4448
9.4448
9.4448
9.4448
9.4448
9.4448
9.4448
9.4448
9.4187
9.4187
9.3521
9.2961
9.2863
9.3276
9.3877
9.4663
9.5655
9.675
9.7712
9.7712
9.7712
9.7712
9.7712
9.7712
9.7712
9.7712
9.7712
9.7712
9.7712
9.7712
9.7712
9.7712
9.7712
9.7712
9.7712
9.7712
9.7712
9.7712
9.7712
9.7712
9.7712
9.7712
9.7712
9.7965
9.7965
9.728
9.6024
9.4639
9.4316
9.4579
9.5047
9.5612
9.6253
9.7054
9.7054
9.7054
9.7054
9.7054
9.7054
9.7054
9.7054
9.7054
9.7054
9.7054
9.7054
9.7054
9.7054
9.7054
9.7054
9.7054
9.7054
9.7054
9.7054
9.7054
9.7054
9.7054
9.7054
9.7054
10.032
10.032
9.9136
9.7849
9.6341
9.5438
9.5073
9.5078
9.5317
9.5677
9.6118
9.6118
9.6118
9.6118
9.6118
9.6118
9.6118
9.6118
9.6118
9.6118
9.6118
9.6118
9.6118
9.6118
9.6118
9.6118
9.6118
9.6118
9.6118
9.6118
9.6118
9.6118
9.6118
9.6118
9.6118
10.473
10.473
10.459
10.409
10.269
10.108
9.9687
9.8599
9.7599
9.6849
9.6364
9.6364
9.6364
9.6364
9.6364
9.6364
9.6364
9.6364
9.6364
9.6364
9.6364
9.6364
9.6364
9.6364
9.6364
9.6364
9.6364
9.6364
9.6364
9.6364
9.6364
9.6364
9.6364
9.6364
9.6364
10.417
10.417
10.446
10.472
10.412
10.322
10.181
10.017
9.8819
9.7915
9.7223
9.7223
9.7223
9.7223
9.7223
9.7223
9.7223
9.7223
9.7223
9.7223
9.7223
9.7223
9.7223
9.7223
9.7223
9.7223
9.7223
9.7223
9.7223
9.7223
9.7223
9.7223
9.7223
9.7223
9.7223
10.65
10.65
10.643
10.478
10.213
10.052
9.9246
9.8184
9.7605
9.7568
9.7927
9.7927
9.7927
9.7927
9.7927
9.7927
9.7927
9.7927
9.7927
9.7927
9.7927
9.7927
9.7927
9.7927
9.7927
9.7927
9.7927
9.7927
9.7927
9.7927
9.7927
9.7927
9.7927
9.7927
9.7927
10.733
10.733
10.657
10.492
10.287
10.134
9.9915
9.8838
9.8257
9.8076
9.8129
9.8129
9.8129
9.8129
9.8129
9.8129
9.8129
9.8129
9.8129
9.8129
9.8129
9.8129
9.8129
9.8129
9.8129
9.8129
9.8129
9.8129
9.8129
9.8129
9.8129
9.8129
9.8129
9.8129
9.8129
10.802
10.802
10.789
10.828
10.574
10.287
10.052
9.9323
9.9093
9.9136
9.8977
9.8977
9.8977
9.8977
9.8977
9.8977
9.8977
9.8977
9.8977
9.8977
9.8977
9.8977
9.8977
9.8977
9.8977
9.8977
9.8977
9.8977
9.8977
9.8977
9.8977
9.8977
9.8977
9.8977
9.8977
10.789
10.789
10.705
10.83
10.714
10.481
10.283
10.179
10.146
10.123
10.075
10.075
10.075
10.075
10.075
10.075
10.075
10.075
10.075
10.075
10.075
10.075
10.075
10.075
10.075
10.075
10.075
10.075
10.075
10.075
10.075
10.075
10.075
10.075
10.075
11.002
11.002
10.987
10.985
10.959
10.881
10.776
10.657
10.542
10.485
10.483
10.483
10.483
10.483
10.483
10.483
10.483
10.483
10.483
10.483
10.483
10.483
10.483
10.483
10.483
10.483
10.483
10.483
10.483
10.483
10.483
10.483
10.483
10.483
10.483
12.211
12.211
12.158
12.022
11.92
11.841
11.76
11.668
11.566
11.484
11.432
11.432
11.432
11.432
11.432
11.432
11.432
11.432
11.432
11.432
11.432
11.432
11.432
11.432
11.432
11.432
11.432
11.432
11.432
11.432
11.432
11.432
11.432
11.432
11.432
12.057
12.057
12.281
12.295
12.277
12.246
12.19
12.077
11.92
11.818
11.783
11.783
11.783
11.783
11.783
11.783
11.783
11.783
11.783
11.783
11.783
11.783
11.783
11.783
11.783
11.783
11.783
11.783
11.783
11.783
11.783
11.783
11.783
11.783
11.783
11.845
11.845
11.857
11.88
11.912
11.938
11.956
11.969
11.978
11.986
11.993
11.993
11.993
11.993
11.993
11.993
11.993
11.993
11.993
11.993
11.993
11.993
11.993
11.993
11.993
11.993
11.993
11.993
11.993
11.993
11.993
11.993
11.993
11.993
11.993
10.559
10.559
10.571
10.59
10.62
10.66
10.704
10.74
10.766
10.784
10.801
10.801
10.801
10.801
10.801
10.801
10.801
10.801
10.801
10.801
10.801
10.801
10.801
10.801
10.801
10.801
10.801
10.801
10.801
10.801
10.801
10.801
10.801
10.801
10.801
9.8181
9.8181
9.846
9.8817
9.9367
10.02
10.129
10.232
10.32
10.391
10.43
10.43
10.43
10.43
10.43
10.43
10.43
10.43
10.43
10.43
10.43
10.43
10.43
10.43
10.43
10.43
10.43
10.43
10.43
10.43
10.43
10.43
10.43
10.43
10.43
9.3054
9.3054
9.4313
9.575
9.6749
9.7322
9.7896
9.8544
9.9164
9.9543
9.9708
9.9708
9.9708
9.9708
9.9708
9.9708
9.9708
9.9708
9.9708
9.9708
9.9708
9.9708
9.9708
9.9708
9.9708
9.9708
9.9708
9.9708
9.9708
9.9708
9.9708
9.9708
9.9708
9.9708
9.9708
9.5689
9.5689
9.4412
9.3783
9.4188
9.495
9.5624
9.6219
9.683
9.7227
9.7353
9.7353
9.7353
9.7353
9.7353
9.7353
9.7353
9.7353
9.7353
9.7353
9.7353
9.7353
9.7353
9.7353
9.7353
9.7353
9.7353
9.7353
9.7353
9.7353
9.7353
9.7353
9.7353
9.7353
9.7353
9.4202
9.4202
9.4501
9.4485
9.4357
9.4366
9.4637
9.5544
9.6202
9.6687
9.7468
9.7468
9.7468
9.7468
9.7468
9.7468
9.7468
9.7468
9.7468
9.7468
9.7468
9.7468
9.7468
9.7468
9.7468
9.7468
9.7468
9.7468
9.7468
9.7468
9.7468
9.7468
9.7468
9.7468
9.7468
9.5276
9.5276
9.5931
9.5855
9.5642
9.5392
9.517
9.53
9.5786
9.6194
9.6688
9.6688
9.6688
9.6688
9.6688
9.6688
9.6688
9.6688
9.6688
9.6688
9.6688
9.6688
9.6688
9.6688
9.6688
9.6688
9.6688
9.6688
9.6688
9.6688
9.6688
9.6688
9.6688
9.6688
9.6688
9.8734
9.8734
9.774
9.7021
9.6627
9.6559
9.669
9.7013
9.7273
9.7474
9.7568
9.7568
9.7568
9.7568
9.7568
9.7568
9.7568
9.7568
9.7568
9.7568
9.7568
9.7568
9.7568
9.7568
9.7568
9.7568
9.7568
9.7568
9.7568
9.7568
9.7568
9.7568
9.7568
9.7568
9.7568
10.429
10.429
10.366
10.314
10.267
10.215
10.137
10.026
9.9055
9.8514
9.8478
9.8478
9.8478
9.8478
9.8478
9.8478
9.8478
9.8478
9.8478
9.8478
9.8478
9.8478
9.8478
9.8478
9.8478
9.8478
9.8478
9.8478
9.8478
9.8478
9.8478
9.8478
9.8478
9.8478
9.8478
11.167
11.167
11.157
11.137
11.099
11.045
10.966
10.877
10.737
10.522
10.334
10.334
10.334
10.334
10.334
10.334
10.334
10.334
10.334
10.334
10.334
10.334
10.334
10.334
10.334
10.334
10.334
10.334
10.334
10.334
10.334
10.334
10.334
10.334
10.334
11.548
11.548
11.503
11.431
11.356
11.278
11.207
11.168
11.136
11.017
10.781
10.781
10.781
10.781
10.781
10.781
10.781
10.781
10.781
10.781
10.781
10.781
10.781
10.781
10.781
10.781
10.781
10.781
10.781
10.781
10.781
10.781
10.781
10.781
10.781
11.728
11.728
11.735
11.692
11.65
11.61
11.557
11.505
11.415
11.235
11.029
11.029
11.029
11.029
11.029
11.029
11.029
11.029
11.029
11.029
11.029
11.029
11.029
11.029
11.029
11.029
11.029
11.029
11.029
11.029
11.029
11.029
11.029
11.029
11.029
12.054
12.054
12.052
12.047
12.038
12.017
11.965
11.865
11.702
11.496
11.301
11.301
11.301
11.301
11.301
11.301
11.301
11.301
11.301
11.301
11.301
11.301
11.301
11.301
11.301
11.301
11.301
11.301
11.301
11.301
11.301
11.301
11.301
11.301
11.301
12.101
12.101
12.098
12.093
12.084
12.07
12.054
12.033
11.977
11.845
11.696
11.696
11.696
11.696
11.696
11.696
11.696
11.696
11.696
11.696
11.696
11.696
11.696
11.696
11.696
11.696
11.696
11.696
11.696
11.696
11.696
11.696
11.696
11.696
11.696
12.083
12.083
12.088
12.092
12.094
12.095
12.098
12.101
12.103
12.025
11.879
11.879
11.879
11.879
11.879
11.879
11.879
11.879
11.879
11.879
11.879
11.879
11.879
11.879
11.879
11.879
11.879
11.879
11.879
11.879
11.879
11.879
11.879
11.879
11.879
11.693
11.693
11.692
11.692
11.693
11.701
11.717
11.751
11.814
11.879
11.909
11.909
11.909
11.909
11.909
11.909
11.909
11.909
11.909
11.909
11.909
11.909
11.909
11.909
11.909
11.909
11.909
11.909
11.909
11.909
11.909
11.909
11.909
11.909
11.909
10.99
10.99
10.992
10.994
10.995
10.997
10.999
11.002
11.004
11.007
11.011
11.011
11.011
11.011
11.011
11.011
11.011
11.011
11.011
11.011
11.011
11.011
11.011
11.011
11.011
11.011
11.011
11.011
11.011
11.011
11.011
11.011
11.011
11.011
11.011
10.416
10.416
10.418
10.419
10.421
10.422
10.424
10.425
10.426
10.428
10.43
10.43
10.43
10.43
10.43
10.43
10.43
10.43
10.43
10.43
10.43
10.43
10.43
10.43
10.43
10.43
10.43
10.43
10.43
10.43
10.43
10.43
10.43
10.43
10.43
10.32
10.32
10.326
10.337
10.366
10.43
10.51
10.591
10.65
10.673
10.677
10.677
10.677
10.677
10.677
10.677
10.677
10.677
10.677
10.677
10.677
10.677
10.677
10.677
10.677
10.677
10.677
10.677
10.677
10.677
10.677
10.677
10.677
10.677
10.677
10.062
10.062
10.065
10.068
10.071
10.076
10.083
10.1
10.126
10.152
10.191
10.191
10.191
10.191
10.191
10.191
10.191
10.191
10.191
10.191
10.191
10.191
10.191
10.191
10.191
10.191
10.191
10.191
10.191
10.191
10.191
10.191
10.191
10.191
10.191
9.1548
9.1548
9.1899
9.2181
9.2447
9.2651
9.2809
9.2968
9.3131
9.3275
9.3411
9.3411
9.3411
9.3411
9.3411
9.3411
9.3411
9.3411
9.3411
9.3411
9.3411
9.3411
9.3411
9.3411
9.3411
9.3411
9.3411
9.3411
9.3411
9.3411
9.3411
9.3411
9.3411
9.3411
9.3411
9.1871
9.1871
9.2115
9.2456
9.2806
9.3074
9.3309
9.3521
9.3669
9.3756
9.3814
9.3814
9.3814
9.3814
9.3814
9.3814
9.3814
9.3814
9.3814
9.3814
9.3814
9.3814
9.3814
9.3814
9.3814
9.3814
9.3814
9.3814
9.3814
9.3814
9.3814
9.3814
9.3814
9.3814
9.3814
9.4613
9.4613
9.3945
9.3413
9.3264
9.3422
9.3664
9.394
9.4176
9.4315
9.4393
9.4393
9.4393
9.4393
9.4393
9.4393
9.4393
9.4393
9.4393
9.4393
9.4393
9.4393
9.4393
9.4393
9.4393
9.4393
9.4393
9.4393
9.4393
9.4393
9.4393
9.4393
9.4393
9.4393
9.4393
9.5551
9.5551
9.5374
9.5108
9.4801
9.4574
9.4428
9.4268
9.3961
9.3613
9.3494
9.3494
9.3494
9.3494
9.3494
9.3494
9.3494
9.3494
9.3494
9.3494
9.3494
9.3494
9.3494
9.3494
9.3494
9.3494
9.3494
9.3494
9.3494
9.3494
9.3494
9.3494
9.3494
9.3494
9.3494
9.9555
9.9555
9.8402
9.6981
9.5764
9.5329
9.5182
9.5128
9.5123
9.5119
9.509
9.509
9.509
9.509
9.509
9.509
9.509
9.509
9.509
9.509
9.509
9.509
9.509
9.509
9.509
9.509
9.509
9.509
9.509
9.509
9.509
9.509
9.509
9.509
9.509
10.395
10.395
10.325
10.221
10.113
10.032
9.9632
9.8875
9.7845
9.6977
9.6453
9.6453
9.6453
9.6453
9.6453
9.6453
9.6453
9.6453
9.6453
9.6453
9.6453
9.6453
9.6453
9.6453
9.6453
9.6453
9.6453
9.6453
9.6453
9.6453
9.6453
9.6453
9.6453
9.6453
9.6453
10.716
10.716
10.707
10.694
10.672
10.65
10.623
10.587
10.523
10.424
10.345
10.345
10.345
10.345
10.345
10.345
10.345
10.345
10.345
10.345
10.345
10.345
10.345
10.345
10.345
10.345
10.345
10.345
10.345
10.345
10.345
10.345
10.345
10.345
10.345
11.031
11.031
11.022
11.006
10.985
10.967
10.954
10.948
10.944
10.942
10.94
10.94
10.94
10.94
10.94
10.94
10.94
10.94
10.94
10.94
10.94
10.94
10.94
10.94
10.94
10.94
10.94
10.94
10.94
10.94
10.94
10.94
10.94
10.94
10.94
11.246
11.246
11.237
11.227
11.215
11.197
11.171
11.131
11.066
10.99
10.935
10.935
10.935
10.935
10.935
10.935
10.935
10.935
10.935
10.935
10.935
10.935
10.935
10.935
10.935
10.935
10.935
10.935
10.935
10.935
10.935
10.935
10.935
10.935
10.935
12.334
12.334
12.33
12.324
12.311
12.291
12.268
12.247
12.231
12.219
12.207
12.207
12.207
12.207
12.207
12.207
12.207
12.207
12.207
12.207
12.207
12.207
12.207
12.207
12.207
12.207
12.207
12.207
12.207
12.207
12.207
12.207
12.207
12.207
12.207
13.256
13.256
13.255
13.253
13.249
13.245
13.24
13.233
13.224
13.216
13.206
13.206
13.206
13.206
13.206
13.206
13.206
13.206
13.206
13.206
13.206
13.206
13.206
13.206
13.206
13.206
13.206
13.206
13.206
13.206
13.206
13.206
13.206
13.206
13.206
13.458
13.458
13.427
13.353
13.254
13.171
13.101
13.059
13.04
13.032
13.026
13.026
13.026
13.026
13.026
13.026
13.026
13.026
13.026
13.026
13.026
13.026
13.026
13.026
13.026
13.026
13.026
13.026
13.026
13.026
13.026
13.026
13.026
13.026
13.026
13.161
13.161
13.17
13.179
13.186
13.188
13.182
13.152
13.093
13.042
13.018
13.018
13.018
13.018
13.018
13.018
13.018
13.018
13.018
13.018
13.018
13.018
13.018
13.018
13.018
13.018
13.018
13.018
13.018
13.018
13.018
13.018
13.018
13.018
13.018
13.24
13.24
13.243
13.256
13.266
13.266
13.266
13.266
13.257
13.244
13.228
13.228
13.228
13.228
13.228
13.228
13.228
13.228
13.228
13.228
13.228
13.228
13.228
13.228
13.228
13.228
13.228
13.228
13.228
13.228
13.228
13.228
13.228
13.228
13.228
12.973
12.973
12.995
13.009
13.016
13.019
13.023
13.03
13.046
13.087
13.158
13.158
13.158
13.158
13.158
13.158
13.158
13.158
13.158
13.158
13.158
13.158
13.158
13.158
13.158
13.158
13.158
13.158
13.158
13.158
13.158
13.158
13.158
13.158
13.158
12.821
12.821
12.865
12.9
12.926
12.944
12.958
12.972
12.995
13.029
13.057
13.057
13.057
13.057
13.057
13.057
13.057
13.057
13.057
13.057
13.057
13.057
13.057
13.057
13.057
13.057
13.057
13.057
13.057
13.057
13.057
13.057
13.057
13.057
13.057
13.064
13.064
13.06
13.056
13.052
13.049
13.046
13.043
13.04
13.037
13.034
13.034
13.034
13.034
13.034
13.034
13.034
13.034
13.034
13.034
13.034
13.034
13.034
13.034
13.034
13.034
13.034
13.034
13.034
13.034
13.034
13.034
13.034
13.034
13.034
13.654
13.654
13.632
13.62
13.613
13.607
13.601
13.596
13.59
13.584
13.576
13.576
13.576
13.576
13.576
13.576
13.576
13.576
13.576
13.576
13.576
13.576
13.576
13.576
13.576
13.576
13.576
13.576
13.576
13.576
13.576
13.576
13.576
13.576
13.576
14.187
14.187
14.185
14.182
14.178
14.172
14.165
14.156
14.141
14.106
14.051
14.051
14.051
14.051
14.051
14.051
14.051
14.051
14.051
14.051
14.051
14.051
14.051
14.051
14.051
14.051
14.051
14.051
14.051
14.051
14.051
14.051
14.051
14.051
14.051
13.377
13.377
13.417
13.459
13.497
13.513
13.518
13.519
13.523
13.534
13.552
13.552
13.552
13.552
13.552
13.552
13.552
13.552
13.552
13.552
13.552
13.552
13.552
13.552
13.552
13.552
13.552
13.552
13.552
13.552
13.552
13.552
13.552
13.552
13.552
13.208
13.208
13.406
13.499
13.553
13.565
13.559
13.544
13.53
13.524
13.522
13.522
13.522
13.522
13.522
13.522
13.522
13.522
13.522
13.522
13.522
13.522
13.522
13.522
13.522
13.522
13.522
13.522
13.522
13.522
13.522
13.522
13.522
13.522
13.522
13.345
13.345
13.353
13.371
13.397
13.411
13.418
13.423
13.431
13.442
13.451
13.451
13.451
13.451
13.451
13.451
13.451
13.451
13.451
13.451
13.451
13.451
13.451
13.451
13.451
13.451
13.451
13.451
13.451
13.451
13.451
13.451
13.451
13.451
13.451
13.138
13.138
13.141
13.143
13.147
13.152
13.16
13.166
13.17
13.173
13.176
13.176
13.176
13.176
13.176
13.176
13.176
13.176
13.176
13.176
13.176
13.176
13.176
13.176
13.176
13.176
13.176
13.176
13.176
13.176
13.176
13.176
13.176
13.176
13.176
12.721
12.721
12.713
12.709
12.791
12.975
13.101
13.151
13.155
13.156
13.159
13.159
13.159
13.159
13.159
13.159
13.159
13.159
13.159
13.159
13.159
13.159
13.159
13.159
13.159
13.159
13.159
13.159
13.159
13.159
13.159
13.159
13.159
13.159
13.159
12.725
12.725
12.751
12.782
12.815
12.844
12.87
12.893
12.921
12.946
12.964
12.964
12.964
12.964
12.964
12.964
12.964
12.964
12.964
12.964
12.964
12.964
12.964
12.964
12.964
12.964
12.964
12.964
12.964
12.964
12.964
12.964
12.964
12.964
12.964
12.792
12.792
12.871
12.915
12.939
12.947
12.95
12.952
12.953
12.956
12.96
12.96
12.96
12.96
12.96
12.96
12.96
12.96
12.96
12.96
12.96
12.96
12.96
12.96
12.96
12.96
12.96
12.96
12.96
12.96
12.96
12.96
12.96
12.96
12.96
13.064
13.064
13.1
13.109
13.064
13.037
13.041
13.042
13.039
13.032
13.028
13.028
13.028
13.028
13.028
13.028
13.028
13.028
13.028
13.028
13.028
13.028
13.028
13.028
13.028
13.028
13.028
13.028
13.028
13.028
13.028
13.028
13.028
13.028
13.028
13.665
13.665
13.66
13.66
13.622
13.595
13.584
13.579
13.573
13.563
13.553
13.553
13.553
13.553
13.553
13.553
13.553
13.553
13.553
13.553
13.553
13.553
13.553
13.553
13.553
13.553
13.553
13.553
13.553
13.553
13.553
13.553
13.553
13.553
13.553
13.915
13.915
13.885
13.806
13.754
13.729
13.722
13.73
13.746
13.761
13.769
13.769
13.769
13.769
13.769
13.769
13.769
13.769
13.769
13.769
13.769
13.769
13.769
13.769
13.769
13.769
13.769
13.769
13.769
13.769
13.769
13.769
13.769
13.769
13.769
13.744
13.744
13.743
13.739
13.731
13.719
13.705
13.684
13.652
13.601
13.534
13.534
13.534
13.534
13.534
13.534
13.534
13.534
13.534
13.534
13.534
13.534
13.534
13.534
13.534
13.534
13.534
13.534
13.534
13.534
13.534
13.534
13.534
13.534
13.534
14.387
14.387
14.378
14.364
14.339
14.301
14.259
14.221
14.194
14.176
14.166
14.166
14.166
14.166
14.166
14.166
14.166
14.166
14.166
14.166
14.166
14.166
14.166
14.166
14.166
14.166
14.166
14.166
14.166
14.166
14.166
14.166
14.166
14.166
14.166
15.55
15.55
15.444
15.273
15.045
14.853
14.733
14.654
14.616
14.605
14.602
14.602
14.602
14.602
14.602
14.602
14.602
14.602
14.602
14.602
14.602
14.602
14.602
14.602
14.602
14.602
14.602
14.602
14.602
14.602
14.602
14.602
14.602
14.602
14.602
15.744
15.744
15.722
15.682
15.605
15.484
15.374
15.268
15.137
15.007
14.965
14.965
14.965
14.965
14.965
14.965
14.965
14.965
14.965
14.965
14.965
14.965
14.965
14.965
14.965
14.965
14.965
14.965
14.965
14.965
14.965
14.965
14.965
14.965
14.965
16.084
16.084
16.096
16.049
16.007
15.972
15.927
15.874
15.826
15.804
15.799
15.799
15.799
15.799
15.799
15.799
15.799
15.799
15.799
15.799
15.799
15.799
15.799
15.799
15.799
15.799
15.799
15.799
15.799
15.799
15.799
15.799
15.799
15.799
15.799
16.217
16.217
16.463
16.49
16.358
16.167
16.013
15.906
15.831
15.784
15.761
15.761
15.761
15.761
15.761
15.761
15.761
15.761
15.761
15.761
15.761
15.761
15.761
15.761
15.761
15.761
15.761
15.761
15.761
15.761
15.761
15.761
15.761
15.761
15.761
16.217
16.217
16.439
16.453
16.415
16.375
16.32
16.263
16.207
16.146
16.05
16.05
16.05
16.05
16.05
16.05
16.05
16.05
16.05
16.05
16.05
16.05
16.05
16.05
16.05
16.05
16.05
16.05
16.05
16.05
16.05
16.05
16.05
16.05
16.05
15.87
15.87
16.177
16.244
16.229
16.216
16.197
16.167
16.121
16.067
16.028
16.028
16.028
16.028
16.028
16.028
16.028
16.028
16.028
16.028
16.028
16.028
16.028
16.028
16.028
16.028
16.028
16.028
16.028
16.028
16.028
16.028
16.028
16.028
16.028
15.603
15.603
15.654
15.707
15.745
15.778
15.808
15.831
15.843
15.846
15.848
15.848
15.848
15.848
15.848
15.848
15.848
15.848
15.848
15.848
15.848
15.848
15.848
15.848
15.848
15.848
15.848
15.848
15.848
15.848
15.848
15.848
15.848
15.848
15.848
15.236
15.236
15.483
15.63
15.73
15.774
15.786
15.782
15.771
15.762
15.759
15.759
15.759
15.759
15.759
15.759
15.759
15.759
15.759
15.759
15.759
15.759
15.759
15.759
15.759
15.759
15.759
15.759
15.759
15.759
15.759
15.759
15.759
15.759
15.759
15.658
15.658
15.541
15.531
15.614
15.676
15.699
15.7
15.699
15.703
15.718
15.718
15.718
15.718
15.718
15.718
15.718
15.718
15.718
15.718
15.718
15.718
15.718
15.718
15.718
15.718
15.718
15.718
15.718
15.718
15.718
15.718
15.718
15.718
15.718
16.163
16.163
15.906
15.667
15.597
15.609
15.63
15.644
15.659
15.681
15.705
15.705
15.705
15.705
15.705
15.705
15.705
15.705
15.705
15.705
15.705
15.705
15.705
15.705
15.705
15.705
15.705
15.705
15.705
15.705
15.705
15.705
15.705
15.705
15.705
16.701
16.701
16.386
16.054
15.791
15.664
15.615
15.608
15.625
15.655
15.681
15.681
15.681
15.681
15.681
15.681
15.681
15.681
15.681
15.681
15.681
15.681
15.681
15.681
15.681
15.681
15.681
15.681
15.681
15.681
15.681
15.681
15.681
15.681
15.681
16.61
16.61
16.222
16.112
15.897
15.721
15.626
15.591
15.589
15.608
15.635
15.635
15.635
15.635
15.635
15.635
15.635
15.635
15.635
15.635
15.635
15.635
15.635
15.635
15.635
15.635
15.635
15.635
15.635
15.635
15.635
15.635
15.635
15.635
15.635
16.668
16.668
16.572
16.276
15.956
15.786
15.697
15.647
15.621
15.611
15.613
15.613
15.613
15.613
15.613
15.613
15.613
15.613
15.613
15.613
15.613
15.613
15.613
15.613
15.613
15.613
15.613
15.613
15.613
15.613
15.613
15.613
15.613
15.613
15.613
16.553
16.553
16.731
16.521
16.145
15.915
15.801
15.729
15.68
15.645
15.611
15.611
15.611
15.611
15.611
15.611
15.611
15.611
15.611
15.611
15.611
15.611
15.611
15.611
15.611
15.611
15.611
15.611
15.611
15.611
15.611
15.611
15.611
15.611
15.611
17.085
17.085
17.275
17.092
16.846
16.645
16.489
16.362
16.249
16.123
15.959
15.959
15.959
15.959
15.959
15.959
15.959
15.959
15.959
15.959
15.959
15.959
15.959
15.959
15.959
15.959
15.959
15.959
15.959
15.959
15.959
15.959
15.959
15.959
15.959
17.753
17.753
17.809
17.759
17.708
17.606
17.433
17.185
16.883
16.567
16.276
16.276
16.276
16.276
16.276
16.276
16.276
16.276
16.276
16.276
16.276
16.276
16.276
16.276
16.276
16.276
16.276
16.276
16.276
16.276
16.276
16.276
16.276
16.276
16.276
18.275
18.275
18.232
18.186
18.122
18.034
17.91
17.756
17.592
17.428
17.241
17.241
17.241
17.241
17.241
17.241
17.241
17.241
17.241
17.241
17.241
17.241
17.241
17.241
17.241
17.241
17.241
17.241
17.241
17.241
17.241
17.241
17.241
17.241
17.241
18.992
18.992
19.009
18.907
18.833
18.768
18.702
18.623
18.521
18.431
18.385
18.385
18.385
18.385
18.385
18.385
18.385
18.385
18.385
18.385
18.385
18.385
18.385
18.385
18.385
18.385
18.385
18.385
18.385
18.385
18.385
18.385
18.385
18.385
18.385
18.35
18.35
18.689
18.799
18.823
18.796
18.698
18.54
18.328
18.083
17.775
17.775
17.775
17.775
17.775
17.775
17.775
17.775
17.775
17.775
17.775
17.775
17.775
17.775
17.775
17.775
17.775
17.775
17.775
17.775
17.775
17.775
17.775
17.775
17.775
17.894
17.894
18.072
18.21
18.288
18.272
18.172
18.019
17.846
17.669
17.494
17.494
17.494
17.494
17.494
17.494
17.494
17.494
17.494
17.494
17.494
17.494
17.494
17.494
17.494
17.494
17.494
17.494
17.494
17.494
17.494
17.494
17.494
17.494
17.494
17.835
17.835
17.984
18.039
18.141
18.181
18.161
18.108
18.043
17.975
17.868
17.868
17.868
17.868
17.868
17.868
17.868
17.868
17.868
17.868
17.868
17.868
17.868
17.868
17.868
17.868
17.868
17.868
17.868
17.868
17.868
17.868
17.868
17.868
17.868
18.036
18.036
18.237
18.317
18.345
18.367
18.366
18.344
18.314
18.28
18.196
18.196
18.196
18.196
18.196
18.196
18.196
18.196
18.196
18.196
18.196
18.196
18.196
18.196
18.196
18.196
18.196
18.196
18.196
18.196
18.196
18.196
18.196
18.196
18.196
18.02
18.02
18.186
18.33
18.421
18.432
18.387
18.333
18.286
18.239
18.188
18.188
18.188
18.188
18.188
18.188
18.188
18.188
18.188
18.188
18.188
18.188
18.188
18.188
18.188
18.188
18.188
18.188
18.188
18.188
18.188
18.188
18.188
18.188
18.188
18.01
18.01
18.216
18.251
18.266
18.227
18.161
18.093
18.023
17.943
17.867
17.867
17.867
17.867
17.867
17.867
17.867
17.867
17.867
17.867
17.867
17.867
17.867
17.867
17.867
17.867
17.867
17.867
17.867
17.867
17.867
17.867
17.867
17.867
17.867
18.296
18.296
18.444
18.375
18.224
18.134
18.073
17.999
17.904
17.796
17.704
17.704
17.704
17.704
17.704
17.704
17.704
17.704
17.704
17.704
17.704
17.704
17.704
17.704
17.704
17.704
17.704
17.704
17.704
17.704
17.704
17.704
17.704
17.704
17.704
17.997
17.997
18.026
18.099
18.152
18.135
18.1
18.052
17.996
17.948
17.913
17.913
17.913
17.913
17.913
17.913
17.913
17.913
17.913
17.913
17.913
17.913
17.913
17.913
17.913
17.913
17.913
17.913
17.913
17.913
17.913
17.913
17.913
17.913
17.913
18.016
18.016
18.051
18.117
18.177
18.201
18.195
18.156
18.072
17.959
17.899
17.899
17.899
17.899
17.899
17.899
17.899
17.899
17.899
17.899
17.899
17.899
17.899
17.899
17.899
17.899
17.899
17.899
17.899
17.899
17.899
17.899
17.899
17.899
17.899
18.202
18.202
18.363
18.514
18.534
18.496
18.436
18.354
18.226
18.043
17.919
17.919
17.919
17.919
17.919
17.919
17.919
17.919
17.919
17.919
17.919
17.919
17.919
17.919
17.919
17.919
17.919
17.919
17.919
17.919
17.919
17.919
17.919
17.919
17.919
18.256
18.256
18.497
18.656
18.646
18.586
18.508
18.45
18.406
18.326
18.25
18.25
18.25
18.25
18.25
18.25
18.25
18.25
18.25
18.25
18.25
18.25
18.25
18.25
18.25
18.25
18.25
18.25
18.25
18.25
18.25
18.25
18.25
18.25
18.25
18.648
18.648
18.696
18.783
18.803
18.778
18.748
18.726
18.709
18.692
18.648
18.648
18.648
18.648
18.648
18.648
18.648
18.648
18.648
18.648
18.648
18.648
18.648
18.648
18.648
18.648
18.648
18.648
18.648
18.648
18.648
18.648
18.648
18.648
18.648
19.418
19.418
19.417
19.417
19.414
19.407
19.397
19.385
19.37
19.354
19.325
19.325
19.325
19.325
19.325
19.325
19.325
19.325
19.325
19.325
19.325
19.325
19.325
19.325
19.325
19.325
19.325
19.325
19.325
19.325
19.325
19.325
19.325
19.325
19.325
19.589
19.589
19.63
19.639
19.636
19.631
19.626
19.619
19.612
19.606
19.601
19.601
19.601
19.601
19.601
19.601
19.601
19.601
19.601
19.601
19.601
19.601
19.601
19.601
19.601
19.601
19.601
19.601
19.601
19.601
19.601
19.601
19.601
19.601
19.601
19.954
19.954
19.915
19.891
19.876
19.863
19.847
19.831
19.817
19.806
19.799
19.799
19.799
19.799
19.799
19.799
19.799
19.799
19.799
19.799
19.799
19.799
19.799
19.799
19.799
19.799
19.799
19.799
19.799
19.799
19.799
19.799
19.799
19.799
19.799
21.454
21.454
21.44
21.424
21.407
21.378
21.333
21.289
21.257
21.233
21.208
21.208
21.208
21.208
21.208
21.208
21.208
21.208
21.208
21.208
21.208
21.208
21.208
21.208
21.208
21.208
21.208
21.208
21.208
21.208
21.208
21.208
21.208
21.208
21.208
21.613
21.613
21.77
21.804
21.702
21.614
21.541
21.475
21.427
21.409
21.401
21.401
21.401
21.401
21.401
21.401
21.401
21.401
21.401
21.401
21.401
21.401
21.401
21.401
21.401
21.401
21.401
21.401
21.401
21.401
21.401
21.401
21.401
21.401
21.401
20.379
20.379
20.68
20.893
21.103
21.13
21.063
20.98
20.899
20.83
20.793
20.793
20.793
20.793
20.793
20.793
20.793
20.793
20.793
20.793
20.793
20.793
20.793
20.793
20.793
20.793
20.793
20.793
20.793
20.793
20.793
20.793
20.793
20.793
20.793
20.213
20.213
20.353
20.504
20.695
20.813
20.911
20.931
20.925
20.926
20.925
20.925
20.925
20.925
20.925
20.925
20.925
20.925
20.925
20.925
20.925
20.925
20.925
20.925
20.925
20.925
20.925
20.925
20.925
20.925
20.925
20.925
20.925
20.925
20.925
20.341
20.341
20.333
20.345
20.369
20.489
20.584
20.628
20.643
20.645
20.728
20.728
20.728
20.728
20.728
20.728
20.728
20.728
20.728
20.728
20.728
20.728
20.728
20.728
20.728
20.728
20.728
20.728
20.728
20.728
20.728
20.728
20.728
20.728
20.728
20.552
20.552
20.435
20.336
20.297
20.306
20.339
20.404
20.511
20.621
20.72
20.72
20.72
20.72
20.72
20.72
20.72
20.72
20.72
20.72
20.72
20.72
20.72
20.72
20.72
20.72
20.72
20.72
20.72
20.72
20.72
20.72
20.72
20.72
20.72
20.22
20.22
20.251
20.28
20.311
20.321
20.37
20.463
20.588
20.701
20.751
20.751
20.751
20.751
20.751
20.751
20.751
20.751
20.751
20.751
20.751
20.751
20.751
20.751
20.751
20.751
20.751
20.751
20.751
20.751
20.751
20.751
20.751
20.751
20.751
20.298
20.298
20.303
20.325
20.36
20.41
20.448
20.499
20.546
20.577
20.595
20.595
20.595
20.595
20.595
20.595
20.595
20.595
20.595
20.595
20.595
20.595
20.595
20.595
20.595
20.595
20.595
20.595
20.595
20.595
20.595
20.595
20.595
20.595
20.595
20.529
20.529
20.529
20.528
20.528
20.528
20.532
20.548
20.561
20.546
20.506
20.506
20.506
20.506
20.506
20.506
20.506
20.506
20.506
20.506
20.506
20.506
20.506
20.506
20.506
20.506
20.506
20.506
20.506
20.506
20.506
20.506
20.506
20.506
20.506
20.373
20.373
20.374
20.374
20.375
20.375
20.376
20.376
20.377
20.377
20.378
20.378
20.378
20.378
20.378
20.378
20.378
20.378
20.378
20.378
20.378
20.378
20.378
20.378
20.378
20.378
20.378
20.378
20.378
20.378
20.378
20.378
20.378
20.378
20.378
19.789
19.789
19.792
19.794
19.796
19.799
19.802
19.805
19.809
19.814
19.823
19.823
19.823
19.823
19.823
19.823
19.823
19.823
19.823
19.823
19.823
19.823
19.823
19.823
19.823
19.823
19.823
19.823
19.823
19.823
19.823
19.823
19.823
19.823
19.823
19.176
19.176
19.178
19.179
19.18
19.182
19.183
19.185
19.187
19.189
19.192
19.192
19.192
19.192
19.192
19.192
19.192
19.192
19.192
19.192
19.192
19.192
19.192
19.192
19.192
19.192
19.192
19.192
19.192
19.192
19.192
19.192
19.192
19.192
19.192
19.056
19.056
18.988
18.896
18.856
18.886
18.93
18.97
19
19.02
19.031
19.031
19.031
19.031
19.031
19.031
19.031
19.031
19.031
19.031
19.031
19.031
19.031
19.031
19.031
19.031
19.031
19.031
19.031
19.031
19.031
19.031
19.031
19.031
19.031
19.252
19.252
19.166
19.14
19.121
19.104
19.079
19.057
19.056
19.068
19.083
19.083
19.083
19.083
19.083
19.083
19.083
19.083
19.083
19.083
19.083
19.083
19.083
19.083
19.083
19.083
19.083
19.083
19.083
19.083
19.083
19.083
19.083
19.083
19.083
19.855
19.855
19.605
19.325
19.156
19.117
19.094
19.082
19.084
19.093
19.098
19.098
19.098
19.098
19.098
19.098
19.098
19.098
19.098
19.098
19.098
19.098
19.098
19.098
19.098
19.098
19.098
19.098
19.098
19.098
19.098
19.098
19.098
19.098
19.098
20.076
20.076
19.928
19.727
19.45
19.263
19.173
19.128
19.106
19.097
19.096
19.096
19.096
19.096
19.096
19.096
19.096
19.096
19.096
19.096
19.096
19.096
19.096
19.096
19.096
19.096
19.096
19.096
19.096
19.096
19.096
19.096
19.096
19.096
19.096
19.965
19.965
19.95
19.913
19.838
19.756
19.671
19.563
19.419
19.234
19.047
19.047
19.047
19.047
19.047
19.047
19.047
19.047
19.047
19.047
19.047
19.047
19.047
19.047
19.047
19.047
19.047
19.047
19.047
19.047
19.047
19.047
19.047
19.047
19.047
20.059
20.059
20.06
20.06
20.06
20.057
20.047
20.009
19.93
19.836
19.765
19.765
19.765
19.765
19.765
19.765
19.765
19.765
19.765
19.765
19.765
19.765
19.765
19.765
19.765
19.765
19.765
19.765
19.765
19.765
19.765
19.765
19.765
19.765
19.765
19.708
19.708
19.711
19.719
19.728
19.724
19.717
19.712
19.706
19.7
19.696
19.696
19.696
19.696
19.696
19.696
19.696
19.696
19.696
19.696
19.696
19.696
19.696
19.696
19.696
19.696
19.696
19.696
19.696
19.696
19.696
19.696
19.696
19.696
19.696
19.415
19.415
19.384
19.393
19.495
19.636
19.688
19.719
19.759
19.786
19.794
19.794
19.794
19.794
19.794
19.794
19.794
19.794
19.794
19.794
19.794
19.794
19.794
19.794
19.794
19.794
19.794
19.794
19.794
19.794
19.794
19.794
19.794
19.794
19.794
19.552
19.552
19.556
19.584
19.636
19.665
19.678
19.692
19.712
19.728
19.73
19.73
19.73
19.73
19.73
19.73
19.73
19.73
19.73
19.73
19.73
19.73
19.73
19.73
19.73
19.73
19.73
19.73
19.73
19.73
19.73
19.73
19.73
19.73
19.73
20.097
20.097
20.052
20.004
19.953
19.912
19.882
19.861
19.843
19.82
19.788
19.788
19.788
19.788
19.788
19.788
19.788
19.788
19.788
19.788
19.788
19.788
19.788
19.788
19.788
19.788
19.788
19.788
19.788
19.788
19.788
19.788
19.788
19.788
19.788
20.391
20.391
20.376
20.323
20.254
20.157
19.988
19.754
19.503
19.307
19.234
19.234
19.234
19.234
19.234
19.234
19.234
19.234
19.234
19.234
19.234
19.234
19.234
19.234
19.234
19.234
19.234
19.234
19.234
19.234
19.234
19.234
19.234
19.234
19.234
21.208
21.208
21.103
20.885
20.683
20.48
20.228
19.947
19.715
19.57
19.489
19.489
19.489
19.489
19.489
19.489
19.489
19.489
19.489
19.489
19.489
19.489
19.489
19.489
19.489
19.489
19.489
19.489
19.489
19.489
19.489
19.489
19.489
19.489
19.489
22.284
22.284
21.969
21.642
21.292
20.933
20.63
20.346
20.104
19.938
19.813
19.813
19.813
19.813
19.813
19.813
19.813
19.813
19.813
19.813
19.813
19.813
19.813
19.813
19.813
19.813
19.813
19.813
19.813
19.813
19.813
19.813
19.813
19.813
19.813
23.422
23.422
23.233
22.938
22.531
21.972
21.322
20.825
20.479
20.252
20.095
20.095
20.095
20.095
20.095
20.095
20.095
20.095
20.095
20.095
20.095
20.095
20.095
20.095
20.095
20.095
20.095
20.095
20.095
20.095
20.095
20.095
20.095
20.095
20.095
23.915
23.915
23.839
23.771
23.666
23.454
23.09
22.661
22.236
21.833
21.341
21.341
21.341
21.341
21.341
21.341
21.341
21.341
21.341
21.341
21.341
21.341
21.341
21.341
21.341
21.341
21.341
21.341
21.341
21.341
21.341
21.341
21.341
21.341
21.341
24.337
24.337
24.245
24.134
23.958
23.733
23.434
23.007
22.481
21.99
21.499
21.499
21.499
21.499
21.499
21.499
21.499
21.499
21.499
21.499
21.499
21.499
21.499
21.499
21.499
21.499
21.499
21.499
21.499
21.499
21.499
21.499
21.499
21.499
21.499
24.966
24.966
24.83
24.758
24.671
24.454
24.128
23.74
23.335
22.96
22.51
22.51
22.51
22.51
22.51
22.51
22.51
22.51
22.51
22.51
22.51
22.51
22.51
22.51
22.51
22.51
22.51
22.51
22.51
22.51
22.51
22.51
22.51
22.51
22.51
25.921
25.921
25.742
25.319
24.932
24.751
24.542
24.185
23.661
23.118
22.577
22.577
22.577
22.577
22.577
22.577
22.577
22.577
22.577
22.577
22.577
22.577
22.577
22.577
22.577
22.577
22.577
22.577
22.577
22.577
22.577
22.577
22.577
22.577
22.577
26.199
26.199
25.599
25.102
24.688
24.254
23.787
23.226
22.531
21.802
21.131
21.131
21.131
21.131
21.131
21.131
21.131
21.131
21.131
21.131
21.131
21.131
21.131
21.131
21.131
21.131
21.131
21.131
21.131
21.131
21.131
21.131
21.131
21.131
21.131
24.614
24.614
24.562
24.38
24.072
23.638
23.171
22.734
22.322
21.93
21.494
21.494
21.494
21.494
21.494
21.494
21.494
21.494
21.494
21.494
21.494
21.494
21.494
21.494
21.494
21.494
21.494
21.494
21.494
21.494
21.494
21.494
21.494
21.494
21.494
25.65
25.65
25.046
24.482
24.258
24.069
23.746
23.348
22.937
22.576
22.382
22.382
22.382
22.382
22.382
22.382
22.382
22.382
22.382
22.382
22.382
22.382
22.382
22.382
22.382
22.382
22.382
22.382
22.382
22.382
22.382
22.382
22.382
22.382
22.382
26.628
26.628
26.44
25.942
25.477
25.014
24.582
24.173
23.857
23.617
23.278
23.278
23.278
23.278
23.278
23.278
23.278
23.278
23.278
23.278
23.278
23.278
23.278
23.278
23.278
23.278
23.278
23.278
23.278
23.278
23.278
23.278
23.278
23.278
23.278
26.814
26.814
26.691
26.571
26.376
26.091
25.781
25.446
25.177
25.026
24.782
24.782
24.782
24.782
24.782
24.782
24.782
24.782
24.782
24.782
24.782
24.782
24.782
24.782
24.782
24.782
24.782
24.782
24.782
24.782
24.782
24.782
24.782
24.782
24.782
26.581
26.581
26.812
26.801
26.68
26.513
26.251
25.899
25.56
25.298
24.987
24.987
24.987
24.987
24.987
24.987
24.987
24.987
24.987
24.987
24.987
24.987
24.987
24.987
24.987
24.987
24.987
24.987
24.987
24.987
24.987
24.987
24.987
24.987
24.987
25.902
25.902
26.31
26.523
26.516
26.452
26.293
26.063
25.816
25.586
25.25
25.25
25.25
25.25
25.25
25.25
25.25
25.25
25.25
25.25
25.25
25.25
25.25
25.25
25.25
25.25
25.25
25.25
25.25
25.25
25.25
25.25
25.25
25.25
25.25
25.181
25.181
25.573
26.091
26.311
26.245
26.092
25.894
25.665
25.433
25.205
25.205
25.205
25.205
25.205
25.205
25.205
25.205
25.205
25.205
25.205
25.205
25.205
25.205
25.205
25.205
25.205
25.205
25.205
25.205
25.205
25.205
25.205
25.205
25.205
24.454
24.454
24.468
24.526
24.614
24.683
24.707
24.555
24.157
23.857
23.766
23.766
23.766
23.766
23.766
23.766
23.766
23.766
23.766
23.766
23.766
23.766
23.766
23.766
23.766
23.766
23.766
23.766
23.766
23.766
23.766
23.766
23.766
23.766
23.766
24.973
24.973
24.803
24.667
24.571
24.56
24.6
24.623
24.475
24.27
24.122
24.122
24.122
24.122
24.122
24.122
24.122
24.122
24.122
24.122
24.122
24.122
24.122
24.122
24.122
24.122
24.122
24.122
24.122
24.122
24.122
24.122
24.122
24.122
24.122
24.516
24.516
24.699
24.777
24.784
24.735
24.668
24.596
24.495
24.367
24.257
24.257
24.257
24.257
24.257
24.257
24.257
24.257
24.257
24.257
24.257
24.257
24.257
24.257
24.257
24.257
24.257
24.257
24.257
24.257
24.257
24.257
24.257
24.257
24.257
24.171
24.171
24.232
24.375
24.553
24.649
24.657
24.609
24.532
24.432
24.335
24.335
24.335
24.335
24.335
24.335
24.335
24.335
24.335
24.335
24.335
24.335
24.335
24.335
24.335
24.335
24.335
24.335
24.335
24.335
24.335
24.335
24.335
24.335
24.335
24.039
24.039
24.037
24.035
24.033
24.029
24.024
24.021
23.988
23.822
23.672
23.672
23.672
23.672
23.672
23.672
23.672
23.672
23.672
23.672
23.672
23.672
23.672
23.672
23.672
23.672
23.672
23.672
23.672
23.672
23.672
23.672
23.672
23.672
23.672
23.921
23.921
23.921
23.932
23.941
23.94
23.935
23.933
23.921
23.885
23.832
23.832
23.832
23.832
23.832
23.832
23.832
23.832
23.832
23.832
23.832
23.832
23.832
23.832
23.832
23.832
23.832
23.832
23.832
23.832
23.832
23.832
23.832
23.832
23.832
23.974
23.974
24.069
24.202
24.226
24.224
24.161
24.061
23.961
23.895
23.88
23.88
23.88
23.88
23.88
23.88
23.88
23.88
23.88
23.88
23.88
23.88
23.88
23.88
23.88
23.88
23.88
23.88
23.88
23.88
23.88
23.88
23.88
23.88
23.88
24.265
24.265
24.408
24.495
24.529
24.483
24.384
24.277
24.177
24.077
23.994
23.994
23.994
23.994
23.994
23.994
23.994
23.994
23.994
23.994
23.994
23.994
23.994
23.994
23.994
23.994
23.994
23.994
23.994
23.994
23.994
23.994
23.994
23.994
23.994
24.422
24.422
24.627
24.64
24.565
24.501
24.453
24.391
24.315
24.229
24.154
24.154
24.154
24.154
24.154
24.154
24.154
24.154
24.154
24.154
24.154
24.154
24.154
24.154
24.154
24.154
24.154
24.154
24.154
24.154
24.154
24.154
24.154
24.154
24.154
23.942
23.942
23.943
23.944
23.946
23.951
23.968
23.979
23.926
23.815
23.73
23.73
23.73
23.73
23.73
23.73
23.73
23.73
23.73
23.73
23.73
23.73
23.73
23.73
23.73
23.73
23.73
23.73
23.73
23.73
23.73
23.73
23.73
23.73
23.73
23.083
23.083
23.085
23.087
23.089
23.091
23.094
23.097
23.099
23.102
23.106
23.106
23.106
23.106
23.106
23.106
23.106
23.106
23.106
23.106
23.106
23.106
23.106
23.106
23.106
23.106
23.106
23.106
23.106
23.106
23.106
23.106
23.106
23.106
23.106
23.428
23.428
23.017
22.865
22.869
22.905
22.944
22.999
23.04
23.067
23.077
23.077
23.077
23.077
23.077
23.077
23.077
23.077
23.077
23.077
23.077
23.077
23.077
23.077
23.077
23.077
23.077
23.077
23.077
23.077
23.077
23.077
23.077
23.077
23.077
23.158
23.158
23.204
23.135
23.078
23.056
23.046
23.048
23.056
23.063
23.066
23.066
23.066
23.066
23.066
23.066
23.066
23.066
23.066
23.066
23.066
23.066
23.066
23.066
23.066
23.066
23.066
23.066
23.066
23.066
23.066
23.066
23.066
23.066
23.066
23.651
23.651
23.603
23.557
23.477
23.319
23.19
23.122
23.091
23.082
23.08
23.08
23.08
23.08
23.08
23.08
23.08
23.08
23.08
23.08
23.08
23.08
23.08
23.08
23.08
23.08
23.08
23.08
23.08
23.08
23.08
23.08
23.08
23.08
23.08
23.852
23.852
23.841
23.797
23.748
23.714
23.683
23.644
23.583
23.487
23.349
23.349
23.349
23.349
23.349
23.349
23.349
23.349
23.349
23.349
23.349
23.349
23.349
23.349
23.349
23.349
23.349
23.349
23.349
23.349
23.349
23.349
23.349
23.349
23.349
24.768
24.768
24.627
24.418
24.275
24.199
24.163
24.145
24.129
24.115
24.102
24.102
24.102
24.102
24.102
24.102
24.102
24.102
24.102
24.102
24.102
24.102
24.102
24.102
24.102
24.102
24.102
24.102
24.102
24.102
24.102
24.102
24.102
24.102
24.102
24.595
24.595
24.454
24.418
24.381
24.321
24.26
24.194
24.13
24.085
24.065
24.065
24.065
24.065
24.065
24.065
24.065
24.065
24.065
24.065
24.065
24.065
24.065
24.065
24.065
24.065
24.065
24.065
24.065
24.065
24.065
24.065
24.065
24.065
24.065
23.879
23.879
23.886
23.902
23.913
23.914
23.915
23.912
23.904
23.899
23.9
23.9
23.9
23.9
23.9
23.9
23.9
23.9
23.9
23.9
23.9
23.9
23.9
23.9
23.9
23.9
23.9
23.9
23.9
23.9
23.9
23.9
23.9
23.9
23.9
23.259
23.259
23.254
23.248
23.241
23.233
23.226
23.224
23.222
23.221
23.229
23.229
23.229
23.229
23.229
23.229
23.229
23.229
23.229
23.229
23.229
23.229
23.229
23.229
23.229
23.229
23.229
23.229
23.229
23.229
23.229
23.229
23.229
23.229
23.229
23.675
23.675
23.481
23.351
23.31
23.314
23.324
23.344
23.372
23.414
23.429
23.429
23.429
23.429
23.429
23.429
23.429
23.429
23.429
23.429
23.429
23.429
23.429
23.429
23.429
23.429
23.429
23.429
23.429
23.429
23.429
23.429
23.429
23.429
23.429
23.558
23.558
23.538
23.578
23.53
23.49
23.447
23.417
23.418
23.427
23.429
23.429
23.429
23.429
23.429
23.429
23.429
23.429
23.429
23.429
23.429
23.429
23.429
23.429
23.429
23.429
23.429
23.429
23.429
23.429
23.429
23.429
23.429
23.429
23.429
23.739
23.739
23.667
23.656
23.647
23.563
23.479
23.439
23.431
23.438
23.443
23.443
23.443
23.443
23.443
23.443
23.443
23.443
23.443
23.443
23.443
23.443
23.443
23.443
23.443
23.443
23.443
23.443
23.443
23.443
23.443
23.443
23.443
23.443
23.443
24.057
24.057
24.073
23.859
23.643
23.527
23.462
23.418
23.373
23.325
23.299
23.299
23.299
23.299
23.299
23.299
23.299
23.299
23.299
23.299
23.299
23.299
23.299
23.299
23.299
23.299
23.299
23.299
23.299
23.299
23.299
23.299
23.299
23.299
23.299
24.307
24.307
24.231
24.113
23.992
23.746
23.511
23.325
23.138
22.946
22.796
22.796
22.796
22.796
22.796
22.796
22.796
22.796
22.796
22.796
22.796
22.796
22.796
22.796
22.796
22.796
22.796
22.796
22.796
22.796
22.796
22.796
22.796
22.796
22.796
25.066
25.066
25.017
24.894
24.672
24.361
24.026
23.749
23.546
23.378
23.208
23.208
23.208
23.208
23.208
23.208
23.208
23.208
23.208
23.208
23.208
23.208
23.208
23.208
23.208
23.208
23.208
23.208
23.208
23.208
23.208
23.208
23.208
23.208
23.208
25.498
25.498
25.548
25.51
25.38
25.169
24.918
24.653
24.404
24.196
23.961
23.961
23.961
23.961
23.961
23.961
23.961
23.961
23.961
23.961
23.961
23.961
23.961
23.961
23.961
23.961
23.961
23.961
23.961
23.961
23.961
23.961
23.961
23.961
23.961
25.996
25.996
25.77
25.557
25.441
25.244
24.96
24.648
24.325
24.007
23.655
23.655
23.655
23.655
23.655
23.655
23.655
23.655
23.655
23.655
23.655
23.655
23.655
23.655
23.655
23.655
23.655
23.655
23.655
23.655
23.655
23.655
23.655
23.655
23.655
26.348
26.348
25.942
25.543
25.257
25.061
24.832
24.575
24.291
23.963
23.568
23.568
23.568
23.568
23.568
23.568
23.568
23.568
23.568
23.568
23.568
23.568
23.568
23.568
23.568
23.568
23.568
23.568
23.568
23.568
23.568
23.568
23.568
23.568
23.568
26.44
26.44
26.344
25.762
25.273
24.993
24.744
24.484
24.204
23.933
23.635
23.635
23.635
23.635
23.635
23.635
23.635
23.635
23.635
23.635
23.635
23.635
23.635
23.635
23.635
23.635
23.635
23.635
23.635
23.635
23.635
23.635
23.635
23.635
23.635
25.204
25.204
25.183
25.198
25.16
24.879
24.474
23.984
23.53
23.221
23.076
23.076
23.076
23.076
23.076
23.076
23.076
23.076
23.076
23.076
23.076
23.076
23.076
23.076
23.076
23.076
23.076
23.076
23.076
23.076
23.076
23.076
23.076
23.076
23.076
25.934
25.934
25.713
25.429
25.207
25.061
24.928
24.675
24.136
23.635
23.413
23.413
23.413
23.413
23.413
23.413
23.413
23.413
23.413
23.413
23.413
23.413
23.413
23.413
23.413
23.413
23.413
23.413
23.413
23.413
23.413
23.413
23.413
23.413
23.413
26.849
26.849
26.5
26.13
25.811
25.617
25.408
25.191
24.931
24.68
24.445
24.445
24.445
24.445
24.445
24.445
24.445
24.445
24.445
24.445
24.445
24.445
24.445
24.445
24.445
24.445
24.445
24.445
24.445
24.445
24.445
24.445
24.445
24.445
24.445
27.036
27.036
26.892
26.709
26.453
26.108
25.804
25.588
25.423
25.297
25.203
25.203
25.203
25.203
25.203
25.203
25.203
25.203
25.203
25.203
25.203
25.203
25.203
25.203
25.203
25.203
25.203
25.203
25.203
25.203
25.203
25.203
25.203
25.203
25.203
27.04
27.04
27.006
26.967
26.917
26.833
26.697
26.536
26.346
26.134
25.937
25.937
25.937
25.937
25.937
25.937
25.937
25.937
25.937
25.937
25.937
25.937
25.937
25.937
25.937
25.937
25.937
25.937
25.937
25.937
25.937
25.937
25.937
25.937
25.937
27.358
27.358
27.287
27.253
27.228
27.204
27.177
27.15
27.106
27.023
26.903
26.903
26.903
26.903
26.903
26.903
26.903
26.903
26.903
26.903
26.903
26.903
26.903
26.903
26.903
26.903
26.903
26.903
26.903
26.903
26.903
26.903
26.903
26.903
26.903
26.516
26.516
26.517
26.517
26.518
26.517
26.496
26.416
26.212
25.944
25.71
25.71
25.71
25.71
25.71
25.71
25.71
25.71
25.71
25.71
25.71
25.71
25.71
25.71
25.71
25.71
25.71
25.71
25.71
25.71
25.71
25.71
25.71
25.71
25.71
25.903
25.903
25.886
25.873
25.858
25.841
25.828
25.816
25.803
25.794
25.794
25.794
25.794
25.794
25.794
25.794
25.794
25.794
25.794
25.794
25.794
25.794
25.794
25.794
25.794
25.794
25.794
25.794
25.794
25.794
25.794
25.794
25.794
25.794
25.794
25.493
25.493
25.526
25.57
25.62
25.657
25.675
25.687
25.696
25.713
25.746
25.746
25.746
25.746
25.746
25.746
25.746
25.746
25.746
25.746
25.746
25.746
25.746
25.746
25.746
25.746
25.746
25.746
25.746
25.746
25.746
25.746
25.746
25.746
25.746
25.328
25.328
25.333
25.341
25.361
25.381
25.4
25.419
25.461
25.512
25.54
25.54
25.54
25.54
25.54
25.54
25.54
25.54
25.54
25.54
25.54
25.54
25.54
25.54
25.54
25.54
25.54
25.54
25.54
25.54
25.54
25.54
25.54
25.54
25.54
25.379
25.379
25.405
25.422
25.428
25.429
25.429
25.429
25.429
25.429
25.429
25.429
25.429
25.429
25.429
25.429
25.429
25.429
25.429
25.429
25.429
25.429
25.429
25.429
25.429
25.429
25.429
25.429
25.429
25.429
25.429
25.429
25.429
25.429
25.429
25.128
25.128
25.204
25.298
25.369
25.394
25.387
25.324
25.141
24.974
24.943
24.943
24.943
24.943
24.943
24.943
24.943
24.943
24.943
24.943
24.943
24.943
24.943
24.943
24.943
24.943
24.943
24.943
24.943
24.943
24.943
24.943
24.943
24.943
24.943
24.265
24.265
24.345
24.584
24.784
24.852
24.901
24.853
24.652
24.443
24.232
24.232
24.232
24.232
24.232
24.232
24.232
24.232
24.232
24.232
24.232
24.232
24.232
24.232
24.232
24.232
24.232
24.232
24.232
24.232
24.232
24.232
24.232
24.232
24.232
23.873
23.873
23.884
23.903
23.948
24.008
24.085
24.131
24.15
24.12
24.1
24.1
24.1
24.1
24.1
24.1
24.1
24.1
24.1
24.1
24.1
24.1
24.1
24.1
24.1
24.1
24.1
24.1
24.1
24.1
24.1
24.1
24.1
24.1
24.1
22.32
22.32
22.381
22.424
22.47
22.531
22.603
22.663
22.691
22.698
22.701
22.701
22.701
22.701
22.701
22.701
22.701
22.701
22.701
22.701
22.701
22.701
22.701
22.701
22.701
22.701
22.701
22.701
22.701
22.701
22.701
22.701
22.701
22.701
22.701
22.499
22.499
22.332
22.221
22.277
22.394
22.537
22.673
22.714
22.72
22.72
22.72
22.72
22.72
22.72
22.72
22.72
22.72
22.72
22.72
22.72
22.72
22.72
22.72
22.72
22.72
22.72
22.72
22.72
22.72
22.72
22.72
22.72
22.72
22.72
22.778
22.778
22.741
22.735
22.734
22.717
22.699
22.671
22.667
22.68
22.687
22.687
22.687
22.687
22.687
22.687
22.687
22.687
22.687
22.687
22.687
22.687
22.687
22.687
22.687
22.687
22.687
22.687
22.687
22.687
22.687
22.687
22.687
22.687
22.687
23.277
23.277
23.208
23.142
23.068
22.989
22.899
22.824
22.765
22.708
22.667
22.667
22.667
22.667
22.667
22.667
22.667
22.667
22.667
22.667
22.667
22.667
22.667
22.667
22.667
22.667
22.667
22.667
22.667
22.667
22.667
22.667
22.667
22.667
22.667
23.363
23.363
23.368
23.365
23.347
23.304
23.207
23.064
22.935
22.849
22.81
22.81
22.81
22.81
22.81
22.81
22.81
22.81
22.81
22.81
22.81
22.81
22.81
22.81
22.81
22.81
22.81
22.81
22.81
22.81
22.81
22.81
22.81
22.81
22.81
23.362
23.362
23.301
23.21
23.152
23.081
23.013
22.949
22.872
22.806
22.762
22.762
22.762
22.762
22.762
22.762
22.762
22.762
22.762
22.762
22.762
22.762
22.762
22.762
22.762
22.762
22.762
22.762
22.762
22.762
22.762
22.762
22.762
22.762
22.762
23.2
23.2
23.119
23.138
23.2
23.203
23.182
23.149
23.106
23.068
23.043
23.043
23.043
23.043
23.043
23.043
23.043
23.043
23.043
23.043
23.043
23.043
23.043
23.043
23.043
23.043
23.043
23.043
23.043
23.043
23.043
23.043
23.043
23.043
23.043
23.063
23.063
23.066
23.071
23.078
23.086
23.095
23.102
23.106
23.109
23.113
23.113
23.113
23.113
23.113
23.113
23.113
23.113
23.113
23.113
23.113
23.113
23.113
23.113
23.113
23.113
23.113
23.113
23.113
23.113
23.113
23.113
23.113
23.113
23.113
22.974
22.974
22.934
22.829
22.747
22.741
22.766
22.8
22.835
22.864
22.876
22.876
22.876
22.876
22.876
22.876
22.876
22.876
22.876
22.876
22.876
22.876
22.876
22.876
22.876
22.876
22.876
22.876
22.876
22.876
22.876
22.876
22.876
22.876
22.876
22.874
22.874
22.786
22.763
22.784
22.819
22.851
22.859
22.85
22.841
22.836
22.836
22.836
22.836
22.836
22.836
22.836
22.836
22.836
22.836
22.836
22.836
22.836
22.836
22.836
22.836
22.836
22.836
22.836
22.836
22.836
22.836
22.836
22.836
22.836
23.641
23.641
23.316
23.076
23.01
22.988
22.955
22.931
22.908
22.887
22.879
22.879
22.879
22.879
22.879
22.879
22.879
22.879
22.879
22.879
22.879
22.879
22.879
22.879
22.879
22.879
22.879
22.879
22.879
22.879
22.879
22.879
22.879
22.879
22.879
24.174
24.174
23.792
23.417
23.191
23.042
22.957
22.917
22.893
22.879
22.878
22.878
22.878
22.878
22.878
22.878
22.878
22.878
22.878
22.878
22.878
22.878
22.878
22.878
22.878
22.878
22.878
22.878
22.878
22.878
22.878
22.878
22.878
22.878
22.878
23.868
23.868
23.776
23.598
23.36
23.134
23.021
22.965
22.919
22.889
22.879
22.879
22.879
22.879
22.879
22.879
22.879
22.879
22.879
22.879
22.879
22.879
22.879
22.879
22.879
22.879
22.879
22.879
22.879
22.879
22.879
22.879
22.879
22.879
22.879
24.08
24.08
23.883
23.697
23.553
23.425
23.267
23.097
22.957
22.852
22.79
22.79
22.79
22.79
22.79
22.79
22.79
22.79
22.79
22.79
22.79
22.79
22.79
22.79
22.79
22.79
22.79
22.79
22.79
22.79
22.79
22.79
22.79
22.79
22.79
24.308
24.308
24.272
24.203
24.055
23.773
23.465
23.261
23.114
22.999
22.915
22.915
22.915
22.915
22.915
22.915
22.915
22.915
22.915
22.915
22.915
22.915
22.915
22.915
22.915
22.915
22.915
22.915
22.915
22.915
22.915
22.915
22.915
22.915
22.915
24.609
24.609
24.573
24.526
24.436
24.277
24.056
23.843
23.677
23.546
23.414
23.414
23.414
23.414
23.414
23.414
23.414
23.414
23.414
23.414
23.414
23.414
23.414
23.414
23.414
23.414
23.414
23.414
23.414
23.414
23.414
23.414
23.414
23.414
23.414
24.765
24.765
24.727
24.668
24.57
24.368
24.079
23.776
23.513
23.332
23.197
23.197
23.197
23.197
23.197
23.197
23.197
23.197
23.197
23.197
23.197
23.197
23.197
23.197
23.197
23.197
23.197
23.197
23.197
23.197
23.197
23.197
23.197
23.197
23.197
24.614
24.614
24.501
24.47
24.424
24.2
23.79
23.393
23.07
22.85
22.709
22.709
22.709
22.709
22.709
22.709
22.709
22.709
22.709
22.709
22.709
22.709
22.709
22.709
22.709
22.709
22.709
22.709
22.709
22.709
22.709
22.709
22.709
22.709
22.709
24.669
24.669
24.667
24.663
24.647
24.586
24.487
24.374
24.26
24.157
24.019
24.019
24.019
24.019
24.019
24.019
24.019
24.019
24.019
24.019
24.019
24.019
24.019
24.019
24.019
24.019
24.019
24.019
24.019
24.019
24.019
24.019
24.019
24.019
24.019
24.889
24.889
24.888
24.886
24.884
24.882
24.88
24.878
24.876
24.872
24.865
24.865
24.865
24.865
24.865
24.865
24.865
24.865
24.865
24.865
24.865
24.865
24.865
24.865
24.865
24.865
24.865
24.865
24.865
24.865
24.865
24.865
24.865
24.865
24.865
25.532
25.532
25.571
25.57
25.561
25.555
25.549
25.544
25.541
25.538
25.533
25.533
25.533
25.533
25.533
25.533
25.533
25.533
25.533
25.533
25.533
25.533
25.533
25.533
25.533
25.533
25.533
25.533
25.533
25.533
25.533
25.533
25.533
25.533
25.533
25.917
25.917
25.949
25.967
25.978
25.981
25.968
25.952
25.936
25.923
25.913
25.913
25.913
25.913
25.913
25.913
25.913
25.913
25.913
25.913
25.913
25.913
25.913
25.913
25.913
25.913
25.913
25.913
25.913
25.913
25.913
25.913
25.913
25.913
25.913
24.823
24.823
24.846
24.875
24.913
24.962
25.016
25.047
24.968
24.798
24.707
24.707
24.707
24.707
24.707
24.707
24.707
24.707
24.707
24.707
24.707
24.707
24.707
24.707
24.707
24.707
24.707
24.707
24.707
24.707
24.707
24.707
24.707
24.707
24.707
23.363
23.363
23.737
23.968
24.101
24.189
24.317
24.44
24.465
24.403
24.32
24.32
24.32
24.32
24.32
24.32
24.32
24.32
24.32
24.32
24.32
24.32
24.32
24.32
24.32
24.32
24.32
24.32
24.32
24.32
24.32
24.32
24.32
24.32
24.32
22.83
22.83
23.234
23.657
23.949
24.115
24.209
24.278
24.329
24.35
24.378
24.378
24.378
24.378
24.378
24.378
24.378
24.378
24.378
24.378
24.378
24.378
24.378
24.378
24.378
24.378
24.378
24.378
24.378
24.378
24.378
24.378
24.378
24.378
24.378
23.488
23.488
23.464
23.695
23.868
24.025
24.139
24.2
24.248
24.298
24.358
24.358
24.358
24.358
24.358
24.358
24.358
24.358
24.358
24.358
24.358
24.358
24.358
24.358
24.358
24.358
24.358
24.358
24.358
24.358
24.358
24.358
24.358
24.358
24.358
23.764
23.764
24.133
24.165
24.177
24.225
24.27
24.305
24.345
24.388
24.411
24.411
24.411
24.411
24.411
24.411
24.411
24.411
24.411
24.411
24.411
24.411
24.411
24.411
24.411
24.411
24.411
24.411
24.411
24.411
24.411
24.411
24.411
24.411
24.411
23.422
23.422
23.541
23.72
23.956
24.131
24.2
24.221
24.225
24.223
24.224
24.224
24.224
24.224
24.224
24.224
24.224
24.224
24.224
24.224
24.224
24.224
24.224
24.224
24.224
24.224
24.224
24.224
24.224
24.224
24.224
24.224
24.224
24.224
24.224
21.916
21.916
21.923
21.929
21.938
21.954
21.987
22.025
22.053
22.084
22.125
22.125
22.125
22.125
22.125
22.125
22.125
22.125
22.125
22.125
22.125
22.125
22.125
22.125
22.125
22.125
22.125
22.125
22.125
22.125
22.125
22.125
22.125
22.125
22.125
20.271
20.271
20.274
20.277
20.281
20.286
20.293
20.301
20.313
20.327
20.35
20.35
20.35
20.35
20.35
20.35
20.35
20.35
20.35
20.35
20.35
20.35
20.35
20.35
20.35
20.35
20.35
20.35
20.35
20.35
20.35
20.35
20.35
20.35
20.35
19.031
19.031
19.066
19.12
19.183
19.247
19.317
19.393
19.47
19.53
19.578
19.578
19.578
19.578
19.578
19.578
19.578
19.578
19.578
19.578
19.578
19.578
19.578
19.578
19.578
19.578
19.578
19.578
19.578
19.578
19.578
19.578
19.578
19.578
19.578
18.417
18.417
18.509
18.631
18.715
18.818
18.951
19.045
19.104
19.137
19.15
19.15
19.15
19.15
19.15
19.15
19.15
19.15
19.15
19.15
19.15
19.15
19.15
19.15
19.15
19.15
19.15
19.15
19.15
19.15
19.15
19.15
19.15
19.15
19.15
17.978
17.978
18.034
18.371
18.592
18.653
18.703
18.747
18.796
18.845
18.869
18.869
18.869
18.869
18.869
18.869
18.869
18.869
18.869
18.869
18.869
18.869
18.869
18.869
18.869
18.869
18.869
18.869
18.869
18.869
18.869
18.869
18.869
18.869
18.869
18.798
18.798
18.74
18.714
18.617
18.52
18.547
18.623
18.707
18.782
18.813
18.813
18.813
18.813
18.813
18.813
18.813
18.813
18.813
18.813
18.813
18.813
18.813
18.813
18.813
18.813
18.813
18.813
18.813
18.813
18.813
18.813
18.813
18.813
18.813
18.795
18.795
18.815
18.848
18.783
18.694
18.657
18.666
18.696
18.719
18.723
18.723
18.723
18.723
18.723
18.723
18.723
18.723
18.723
18.723
18.723
18.723
18.723
18.723
18.723
18.723
18.723
18.723
18.723
18.723
18.723
18.723
18.723
18.723
18.723
18.929
18.929
18.923
19.098
19.156
19.155
19.166
19.163
19.093
18.941
18.869
18.869
18.869
18.869
18.869
18.869
18.869
18.869
18.869
18.869
18.869
18.869
18.869
18.869
18.869
18.869
18.869
18.869
18.869
18.869
18.869
18.869
18.869
18.869
18.869
19.126
19.126
19.211
19.182
19.148
19.159
19.133
19.109
19.065
18.953
18.816
18.816
18.816
18.816
18.816
18.816
18.816
18.816
18.816
18.816
18.816
18.816
18.816
18.816
18.816
18.816
18.816
18.816
18.816
18.816
18.816
18.816
18.816
18.816
18.816
18.435
18.435
18.564
18.837
18.984
19.046
19.074
19.082
19.057
18.978
18.873
18.873
18.873
18.873
18.873
18.873
18.873
18.873
18.873
18.873
18.873
18.873
18.873
18.873
18.873
18.873
18.873
18.873
18.873
18.873
18.873
18.873
18.873
18.873
18.873
18.28
18.28
18.77
18.911
18.949
19.039
19.098
19.098
19.054
18.978
18.901
18.901
18.901
18.901
18.901
18.901
18.901
18.901
18.901
18.901
18.901
18.901
18.901
18.901
18.901
18.901
18.901
18.901
18.901
18.901
18.901
18.901
18.901
18.901
18.901
17.987
17.987
18.613
18.898
18.983
19.038
19.079
19.084
19.054
18.997
18.936
18.936
18.936
18.936
18.936
18.936
18.936
18.936
18.936
18.936
18.936
18.936
18.936
18.936
18.936
18.936
18.936
18.936
18.936
18.936
18.936
18.936
18.936
18.936
18.936
17.764
17.764
18.122
18.671
18.941
19.019
19.049
19.053
19.036
19
18.965
18.965
18.965
18.965
18.965
18.965
18.965
18.965
18.965
18.965
18.965
18.965
18.965
18.965
18.965
18.965
18.965
18.965
18.965
18.965
18.965
18.965
18.965
18.965
18.965
17.443
17.443
18.113
18.503
18.81
18.939
18.981
18.988
18.981
18.967
18.956
18.956
18.956
18.956
18.956
18.956
18.956
18.956
18.956
18.956
18.956
18.956
18.956
18.956
18.956
18.956
18.956
18.956
18.956
18.956
18.956
18.956
18.956
18.956
18.956
17.369
17.369
17.978
18.391
18.661
18.808
18.893
18.938
18.958
18.963
18.961
18.961
18.961
18.961
18.961
18.961
18.961
18.961
18.961
18.961
18.961
18.961
18.961
18.961
18.961
18.961
18.961
18.961
18.961
18.961
18.961
18.961
18.961
18.961
18.961
17.406
17.406
17.925
18.298
18.565
18.709
18.779
18.809
18.826
18.848
18.887
18.887
18.887
18.887
18.887
18.887
18.887
18.887
18.887
18.887
18.887
18.887
18.887
18.887
18.887
18.887
18.887
18.887
18.887
18.887
18.887
18.887
18.887
18.887
18.887
17.452
17.452
18.005
18.283
18.439
18.464
18.411
18.362
18.372
18.475
18.599
18.599
18.599
18.599
18.599
18.599
18.599
18.599
18.599
18.599
18.599
18.599
18.599
18.599
18.599
18.599
18.599
18.599
18.599
18.599
18.599
18.599
18.599
18.599
18.599
17.567
17.567
17.932
18.128
18.213
18.192
18.144
18.133
18.175
18.27
18.309
18.309
18.309
18.309
18.309
18.309
18.309
18.309
18.309
18.309
18.309
18.309
18.309
18.309
18.309
18.309
18.309
18.309
18.309
18.309
18.309
18.309
18.309
18.309
18.309
17.359
17.359
17.675
17.842
17.816
17.797
17.844
17.931
18.055
18.19
18.224
18.224
18.224
18.224
18.224
18.224
18.224
18.224
18.224
18.224
18.224
18.224
18.224
18.224
18.224
18.224
18.224
18.224
18.224
18.224
18.224
18.224
18.224
18.224
18.224
17.528
17.528
17.504
17.529
17.593
17.655
17.678
17.701
17.747
17.778
17.786
17.786
17.786
17.786
17.786
17.786
17.786
17.786
17.786
17.786
17.786
17.786
17.786
17.786
17.786
17.786
17.786
17.786
17.786
17.786
17.786
17.786
17.786
17.786
17.786
17.387
17.387
17.39
17.393
17.397
17.405
17.423
17.445
17.484
17.559
17.623
17.623
17.623
17.623
17.623
17.623
17.623
17.623
17.623
17.623
17.623
17.623
17.623
17.623
17.623
17.623
17.623
17.623
17.623
17.623
17.623
17.623
17.623
17.623
17.623
16.164
16.164
16.167
16.17
16.173
16.176
16.179
16.181
16.184
16.187
16.191
16.191
16.191
16.191
16.191
16.191
16.191
16.191
16.191
16.191
16.191
16.191
16.191
16.191
16.191
16.191
16.191
16.191
16.191
16.191
16.191
16.191
16.191
16.191
16.191
15.39
15.39
15.404
15.395
15.374
15.325
15.273
15.261
15.32
15.36
15.331
15.331
15.331
15.331
15.331
15.331
15.331
15.331
15.331
15.331
15.331
15.331
15.331
15.331
15.331
15.331
15.331
15.331
15.331
15.331
15.331
15.331
15.331
15.331
15.331
15.518
15.518
15.296
15.397
15.488
15.539
15.591
15.613
15.545
15.377
15.229
15.229
15.229
15.229
15.229
15.229
15.229
15.229
15.229
15.229
15.229
15.229
15.229
15.229
15.229
15.229
15.229
15.229
15.229
15.229
15.229
15.229
15.229
15.229
15.229
16.657
16.657
16.58
16.459
16.328
16.235
16.176
16.144
16.093
15.945
15.721
15.721
15.721
15.721
15.721
15.721
15.721
15.721
15.721
15.721
15.721
15.721
15.721
15.721
15.721
15.721
15.721
15.721
15.721
15.721
15.721
15.721
15.721
15.721
15.721
16.878
16.878
16.91
16.911
16.907
16.902
16.896
16.891
16.883
16.873
16.84
16.84
16.84
16.84
16.84
16.84
16.84
16.84
16.84
16.84
16.84
16.84
16.84
16.84
16.84
16.84
16.84
16.84
16.84
16.84
16.84
16.84
16.84
16.84
16.84
16.799
16.799
16.693
16.599
16.582
16.599
16.621
16.633
16.619
16.576
16.526
16.526
16.526
16.526
16.526
16.526
16.526
16.526
16.526
16.526
16.526
16.526
16.526
16.526
16.526
16.526
16.526
16.526
16.526
16.526
16.526
16.526
16.526
16.526
16.526
17.108
17.108
16.803
16.76
16.686
16.631
16.587
16.544
16.485
16.391
16.249
16.249
16.249
16.249
16.249
16.249
16.249
16.249
16.249
16.249
16.249
16.249
16.249
16.249
16.249
16.249
16.249
16.249
16.249
16.249
16.249
16.249
16.249
16.249
16.249
17.617
17.617
17.604
17.415
17.072
16.821
16.685
16.599
16.525
16.453
16.364
16.364
16.364
16.364
16.364
16.364
16.364
16.364
16.364
16.364
16.364
16.364
16.364
16.364
16.364
16.364
16.364
16.364
16.364
16.364
16.364
16.364
16.364
16.364
16.364
18.203
18.203
17.772
17.506
17.226
16.96
16.774
16.651
16.563
16.488
16.407
16.407
16.407
16.407
16.407
16.407
16.407
16.407
16.407
16.407
16.407
16.407
16.407
16.407
16.407
16.407
16.407
16.407
16.407
16.407
16.407
16.407
16.407
16.407
16.407
17.496
17.496
17.478
17.359
17.107
16.869
16.663
16.5
16.359
16.236
16.154
16.154
16.154
16.154
16.154
16.154
16.154
16.154
16.154
16.154
16.154
16.154
16.154
16.154
16.154
16.154
16.154
16.154
16.154
16.154
16.154
16.154
16.154
16.154
16.154
17.299
17.299
17.359
17.318
17.068
16.832
16.635
16.478
16.343
16.226
16.123
16.123
16.123
16.123
16.123
16.123
16.123
16.123
16.123
16.123
16.123
16.123
16.123
16.123
16.123
16.123
16.123
16.123
16.123
16.123
16.123
16.123
16.123
16.123
16.123
17.476
17.476
17.371
17.253
17.006
16.784
16.597
16.449
16.325
16.223
16.14
16.14
16.14
16.14
16.14
16.14
16.14
16.14
16.14
16.14
16.14
16.14
16.14
16.14
16.14
16.14
16.14
16.14
16.14
16.14
16.14
16.14
16.14
16.14
16.14
17.723
17.723
17.467
17.246
16.953
16.746
16.574
16.433
16.318
16.227
16.148
16.148
16.148
16.148
16.148
16.148
16.148
16.148
16.148
16.148
16.148
16.148
16.148
16.148
16.148
16.148
16.148
16.148
16.148
16.148
16.148
16.148
16.148
16.148
16.148
16.707
16.707
16.728
16.712
16.673
16.622
16.57
16.528
16.508
16.512
16.526
16.526
16.526
16.526
16.526
16.526
16.526
16.526
16.526
16.526
16.526
16.526
16.526
16.526
16.526
16.526
16.526
16.526
16.526
16.526
16.526
16.526
16.526
16.526
16.526
16.211
16.211
16.188
16.217
16.234
16.261
16.324
16.391
16.475
16.572
16.669
16.669
16.669
16.669
16.669
16.669
16.669
16.669
16.669
16.669
16.669
16.669
16.669
16.669
16.669
16.669
16.669
16.669
16.669
16.669
16.669
16.669
16.669
16.669
16.669
16.742
16.742
16.443
16.238
16.159
16.145
16.174
16.177
16.084
15.966
15.983
15.983
15.983
15.983
15.983
15.983
15.983
15.983
15.983
15.983
15.983
15.983
15.983
15.983
15.983
15.983
15.983
15.983
15.983
15.983
15.983
15.983
15.983
15.983
15.983
17.286
17.286
17.194
17.03
16.954
16.919
16.881
16.814
16.704
16.599
16.511
16.511
16.511
16.511
16.511
16.511
16.511
16.511
16.511
16.511
16.511
16.511
16.511
16.511
16.511
16.511
16.511
16.511
16.511
16.511
16.511
16.511
16.511
16.511
16.511
17.748
17.748
17.733
17.721
17.709
17.696
17.684
17.668
17.645
17.613
17.575
17.575
17.575
17.575
17.575
17.575
17.575
17.575
17.575
17.575
17.575
17.575
17.575
17.575
17.575
17.575
17.575
17.575
17.575
17.575
17.575
17.575
17.575
17.575
17.575
17.636
17.636
17.795
17.872
17.916
17.939
17.949
17.937
17.893
17.83
17.767
17.767
17.767
17.767
17.767
17.767
17.767
17.767
17.767
17.767
17.767
17.767
17.767
17.767
17.767
17.767
17.767
17.767
17.767
17.767
17.767
17.767
17.767
17.767
17.767
16.6
16.6
16.995
17.401
17.539
17.412
17.321
17.198
16.995
16.915
16.969
16.969
16.969
16.969
16.969
16.969
16.969
16.969
16.969
16.969
16.969
16.969
16.969
16.969
16.969
16.969
16.969
16.969
16.969
16.969
16.969
16.969
16.969
16.969
16.969
16.24
16.24
16.541
16.858
16.963
16.842
16.834
16.882
16.899
16.898
16.91
16.91
16.91
16.91
16.91
16.91
16.91
16.91
16.91
16.91
16.91
16.91
16.91
16.91
16.91
16.91
16.91
16.91
16.91
16.91
16.91
16.91
16.91
16.91
16.91
16.19
16.19
16.583
16.851
16.865
16.735
16.706
16.746
16.801
16.862
16.914
16.914
16.914
16.914
16.914
16.914
16.914
16.914
16.914
16.914
16.914
16.914
16.914
16.914
16.914
16.914
16.914
16.914
16.914
16.914
16.914
16.914
16.914
16.914
16.914
16.016
16.016
16.214
16.569
16.651
16.597
16.563
16.584
16.65
16.745
16.844
16.844
16.844
16.844
16.844
16.844
16.844
16.844
16.844
16.844
16.844
16.844
16.844
16.844
16.844
16.844
16.844
16.844
16.844
16.844
16.844
16.844
16.844
16.844
16.844
15.837
15.837
15.983
16.257
16.414
16.428
16.423
16.445
16.506
16.608
16.747
16.747
16.747
16.747
16.747
16.747
16.747
16.747
16.747
16.747
16.747
16.747
16.747
16.747
16.747
16.747
16.747
16.747
16.747
16.747
16.747
16.747
16.747
16.747
16.747
15.67
15.67
15.964
16.165
16.334
16.432
16.485
16.531
16.593
16.675
16.755
16.755
16.755
16.755
16.755
16.755
16.755
16.755
16.755
16.755
16.755
16.755
16.755
16.755
16.755
16.755
16.755
16.755
16.755
16.755
16.755
16.755
16.755
16.755
16.755
14.851
14.851
15.039
15.269
15.511
15.789
16.141
16.46
16.666
16.779
16.804
16.804
16.804
16.804
16.804
16.804
16.804
16.804
16.804
16.804
16.804
16.804
16.804
16.804
16.804
16.804
16.804
16.804
16.804
16.804
16.804
16.804
16.804
16.804
16.804
13.642
13.642
13.71
13.796
14.165
14.608
14.986
15.251
15.4
15.492
15.595
15.595
15.595
15.595
15.595
15.595
15.595
15.595
15.595
15.595
15.595
15.595
15.595
15.595
15.595
15.595
15.595
15.595
15.595
15.595
15.595
15.595
15.595
15.595
15.595
14.123
14.123
14.084
14.103
14.151
14.177
14.197
14.214
14.216
14.232
14.272
14.272
14.272
14.272
14.272
14.272
14.272
14.272
14.272
14.272
14.272
14.272
14.272
14.272
14.272
14.272
14.272
14.272
14.272
14.272
14.272
14.272
14.272
14.272
14.272
14.782
14.782
14.746
14.734
14.751
14.753
14.747
14.74
14.734
14.73
14.721
14.721
14.721
14.721
14.721
14.721
14.721
14.721
14.721
14.721
14.721
14.721
14.721
14.721
14.721
14.721
14.721
14.721
14.721
14.721
14.721
14.721
14.721
14.721
14.721
15.673
15.673
15.671
15.669
15.667
15.665
15.664
15.662
15.661
15.66
15.659
15.659
15.659
15.659
15.659
15.659
15.659
15.659
15.659
15.659
15.659
15.659
15.659
15.659
15.659
15.659
15.659
15.659
15.659
15.659
15.659
15.659
15.659
15.659
15.659
16.19
16.19
16.2
16.105
16.006
15.956
15.934
15.926
15.929
15.935
15.937
15.937
15.937
15.937
15.937
15.937
15.937
15.937
15.937
15.937
15.937
15.937
15.937
15.937
15.937
15.937
15.937
15.937
15.937
15.937
15.937
15.937
15.937
15.937
15.937
15.781
15.781
15.844
15.905
15.96
15.98
15.985
15.991
16.002
16.026
16.067
16.067
16.067
16.067
16.067
16.067
16.067
16.067
16.067
16.067
16.067
16.067
16.067
16.067
16.067
16.067
16.067
16.067
16.067
16.067
16.067
16.067
16.067
16.067
16.067
15.232
15.232
15.415
15.542
15.655
15.773
15.871
15.94
15.984
16.01
16.038
16.038
16.038
16.038
16.038
16.038
16.038
16.038
16.038
16.038
16.038
16.038
16.038
16.038
16.038
16.038
16.038
16.038
16.038
16.038
16.038
16.038
16.038
16.038
16.038
14.57
14.57
14.947
15.422
15.665
15.783
15.872
15.93
15.959
15.973
15.984
15.984
15.984
15.984
15.984
15.984
15.984
15.984
15.984
15.984
15.984
15.984
15.984
15.984
15.984
15.984
15.984
15.984
15.984
15.984
15.984
15.984
15.984
15.984
15.984
13.963
13.963
14.24
14.987
15.533
15.773
15.863
15.896
15.908
15.915
15.928
15.928
15.928
15.928
15.928
15.928
15.928
15.928
15.928
15.928
15.928
15.928
15.928
15.928
15.928
15.928
15.928
15.928
15.928
15.928
15.928
15.928
15.928
15.928
15.928
13.589
13.589
13.781
14.499
15.117
15.521
15.74
15.819
15.831
15.837
15.866
15.866
15.866
15.866
15.866
15.866
15.866
15.866
15.866
15.866
15.866
15.866
15.866
15.866
15.866
15.866
15.866
15.866
15.866
15.866
15.866
15.866
15.866
15.866
15.866
13.336
13.336
13.526
14.125
14.75
15.293
15.613
15.721
15.723
15.715
15.767
15.767
15.767
15.767
15.767
15.767
15.767
15.767
15.767
15.767
15.767
15.767
15.767
15.767
15.767
15.767
15.767
15.767
15.767
15.767
15.767
15.767
15.767
15.767
15.767
13.836
13.836
13.859
13.921
14.15
14.573
15.024
15.366
15.551
15.626
15.69
15.69
15.69
15.69
15.69
15.69
15.69
15.69
15.69
15.69
15.69
15.69
15.69
15.69
15.69
15.69
15.69
15.69
15.69
15.69
15.69
15.69
15.69
15.69
15.69
14.621
14.621
14.609
14.596
14.572
14.576
14.667
14.831
15.027
15.232
15.474
15.474
15.474
15.474
15.474
15.474
15.474
15.474
15.474
15.474
15.474
15.474
15.474
15.474
15.474
15.474
15.474
15.474
15.474
15.474
15.474
15.474
15.474
15.474
15.474
14.446
14.446
14.648
14.821
14.935
15.012
15.138
15.303
15.464
15.605
15.717
15.717
15.717
15.717
15.717
15.717
15.717
15.717
15.717
15.717
15.717
15.717
15.717
15.717
15.717
15.717
15.717
15.717
15.717
15.717
15.717
15.717
15.717
15.717
15.717
13.891
13.891
14.144
14.417
14.651
14.883
15.103
15.324
15.535
15.738
15.814
15.814
15.814
15.814
15.814
15.814
15.814
15.814
15.814
15.814
15.814
15.814
15.814
15.814
15.814
15.814
15.814
15.814
15.814
15.814
15.814
15.814
15.814
15.814
15.814
13.245
13.245
13.279
13.502
13.754
13.972
14.21
14.434
14.708
15.002
15.206
15.206
15.206
15.206
15.206
15.206
15.206
15.206
15.206
15.206
15.206
15.206
15.206
15.206
15.206
15.206
15.206
15.206
15.206
15.206
15.206
15.206
15.206
15.206
15.206
12.632
12.632
12.667
12.76
12.876
12.965
13.17
13.673
14.197
14.459
14.619
14.619
14.619
14.619
14.619
14.619
14.619
14.619
14.619
14.619
14.619
14.619
14.619
14.619
14.619
14.619
14.619
14.619
14.619
14.619
14.619
14.619
14.619
14.619
14.619
12.301
12.301
12.389
12.459
12.59
12.915
13.188
13.294
13.218
13.129
13.139
13.139
13.139
13.139
13.139
13.139
13.139
13.139
13.139
13.139
13.139
13.139
13.139
13.139
13.139
13.139
13.139
13.139
13.139
13.139
13.139
13.139
13.139
13.139
13.139
12.363
12.363
12.363
12.364
12.366
12.383
12.483
12.604
12.627
12.614
12.62
12.62
12.62
12.62
12.62
12.62
12.62
12.62
12.62
12.62
12.62
12.62
12.62
12.62
12.62
12.62
12.62
12.62
12.62
12.62
12.62
12.62
12.62
12.62
12.62
12.206
12.206
12.213
12.223
12.238
12.251
12.272
12.316
12.37
12.441
12.576
12.576
12.576
12.576
12.576
12.576
12.576
12.576
12.576
12.576
12.576
12.576
12.576
12.576
12.576
12.576
12.576
12.576
12.576
12.576
12.576
12.576
12.576
12.576
12.576
11.828
11.828
11.841
11.862
11.89
11.937
12.01
12.127
12.306
12.516
12.782
12.782
12.782
12.782
12.782
12.782
12.782
12.782
12.782
12.782
12.782
12.782
12.782
12.782
12.782
12.782
12.782
12.782
12.782
12.782
12.782
12.782
12.782
12.782
12.782
11.745
11.745
11.749
11.753
11.759
11.767
11.791
11.87
12.058
12.27
12.543
12.543
12.543
12.543
12.543
12.543
12.543
12.543
12.543
12.543
12.543
12.543
12.543
12.543
12.543
12.543
12.543
12.543
12.543
12.543
12.543
12.543
12.543
12.543
12.543
12.032
12.032
12.031
12.03
12.029
12.029
12.029
12.031
12.036
12.051
12.095
12.095
12.095
12.095
12.095
12.095
12.095
12.095
12.095
12.095
12.095
12.095
12.095
12.095
12.095
12.095
12.095
12.095
12.095
12.095
12.095
12.095
12.095
12.095
12.095
11.563
11.563
11.564
11.566
11.568
11.57
11.571
11.573
11.575
11.578
11.581
11.581
11.581
11.581
11.581
11.581
11.581
11.581
11.581
11.581
11.581
11.581
11.581
11.581
11.581
11.581
11.581
11.581
11.581
11.581
11.581
11.581
11.581
11.581
11.581
10.02
10.02
10.025
10.03
10.037
10.047
10.057
10.067
10.079
10.09
10.102
10.102
10.102
10.102
10.102
10.102
10.102
10.102
10.102
10.102
10.102
10.102
10.102
10.102
10.102
10.102
10.102
10.102
10.102
10.102
10.102
10.102
10.102
10.102
10.102
9.0462
9.0462
9.2348
9.5012
9.7176
9.8066
9.87
9.9228
9.9635
9.9863
9.9985
9.9985
9.9985
9.9985
9.9985
9.9985
9.9985
9.9985
9.9985
9.9985
9.9985
9.9985
9.9985
9.9985
9.9985
9.9985
9.9985
9.9985
9.9985
9.9985
9.9985
9.9985
9.9985
9.9985
9.9985
8.7473
8.7473
9.0698
9.4518
9.781
9.9131
9.9989
10.102
10.257
10.464
10.601
10.601
10.601
10.601
10.601
10.601
10.601
10.601
10.601
10.601
10.601
10.601
10.601
10.601
10.601
10.601
10.601
10.601
10.601
10.601
10.601
10.601
10.601
10.601
10.601
8.262
8.262
8.6292
8.9051
9.0819
9.3808
9.7546
10.022
10.265
10.546
10.691
10.691
10.691
10.691
10.691
10.691
10.691
10.691
10.691
10.691
10.691
10.691
10.691
10.691
10.691
10.691
10.691
10.691
10.691
10.691
10.691
10.691
10.691
10.691
10.691
8.0965
8.0965
8.4042
8.4442
8.6009
8.9795
9.3675
9.6134
9.8197
10.049
10.192
10.192
10.192
10.192
10.192
10.192
10.192
10.192
10.192
10.192
10.192
10.192
10.192
10.192
10.192
10.192
10.192
10.192
10.192
10.192
10.192
10.192
10.192
10.192
10.192
8.3205
8.3205
8.3624
8.4446
8.6288
8.8472
9.0856
9.3186
9.5658
9.8364
9.9894
9.9894
9.9894
9.9894
9.9894
9.9894
9.9894
9.9894
9.9894
9.9894
9.9894
9.9894
9.9894
9.9894
9.9894
9.9894
9.9894
9.9894
9.9894
9.9894
9.9894
9.9894
9.9894
9.9894
9.9894
8.1781
8.1781
8.2763
8.4416
8.7114
8.8851
9.0203
9.1689
9.3372
9.4941
9.5855
9.5855
9.5855
9.5855
9.5855
9.5855
9.5855
9.5855
9.5855
9.5855
9.5855
9.5855
9.5855
9.5855
9.5855
9.5855
9.5855
9.5855
9.5855
9.5855
9.5855
9.5855
9.5855
9.5855
9.5855
